<?xml version="1.0" encoding="utf-8"?>
<COLLADA xmlns="http://www.collada.org/2005/11/COLLADASchema" version="1.4.1">
  <asset>
    <contributor>
      <author>Mixamo</author>
      <authoring_tool>COLLADA Mixamo exporter</authoring_tool>
      <comments/>
    </contributor>
    <created>2021-11-11T20:28:45Z</created>
    <modified>2021-11-11T20:28:45Z</modified>
    <revision/>
    <title/>
    <unit meter="0.010000"/>
    <up_axis>Y_UP</up_axis>
  </asset>
  <library_animations>
    <animation id="mixamorig_Hips-anim" name="mixamorig_Hips">
      <source id="mixamorig_Hips-Matrix-animation-input">
        <float_array id="mixamorig_Hips-Matrix-animation-input-array" count="61">

0.000000 0.033333 0.066667 0.100000 0.133333 0.166667 0.200000 0.233333 0.266667 0.300000 0.333333 0.366667 0.400000 0.433333 0.466667 0.500000
0.533333 0.566667 0.600000 0.633333 0.666667 0.700000 0.733333 0.766667 0.800000 0.833333 0.866667 0.900000 0.933333 0.966667 1.000000 1.033333
1.066667 1.100000 1.133333 1.166667 1.200000 1.233333 1.266667 1.300000 1.333333 1.366667 1.400000 1.433333 1.466667 1.500000 1.533333 1.566667
1.600000 1.633333 1.666667 1.700000 1.733333 1.766667 1.800000 1.833333 1.866667 1.900000 1.933333 1.966667 2.000000</float_array>
        <technique_common>
          <accessor source="#mixamorig_Hips-Matrix-animation-input-array" count="61">
            <param name="TIME" type="float"/>
          </accessor>
        </technique_common>
      </source>
      <source id="mixamorig_Hips-Matrix-animation-output-transform">
        <float_array id="mixamorig_Hips-Matrix-animation-output-transform-array" count="976">

0.996196 0.025102 0.083448 0.236299 -0.026557 0.999513 0.016377 103.805687 -0.082997 -0.018531 0.996378 1.478996 0.000000 0.000000 0.000000 1.000000
0.995991 0.024040 0.086160 -0.035785 -0.025659 0.999513 0.017733 103.851051 -0.085692 -0.019873 0.996123 1.521775 0.000000 0.000000 0.000000 1.000000
0.995722 0.022519 0.089618 -0.326131 -0.024307 0.999526 0.018910 103.901802 -0.089149 -0.021007 0.995797 1.580202 0.000000 0.000000 0.000000 1.000000
0.995381 0.020344 0.093828 -0.641676 -0.022301 0.999554 0.019853 103.959618 -0.093382 -0.021854 0.995390 1.657395 0.000000 0.000000 0.000000 1.000000
0.994996 0.017506 0.098366 -0.983109 -0.019616 0.999597 0.020518 104.028381 -0.097967 -0.022344 0.994939 1.749911 0.000000 0.000000 0.000000 1.000000
0.994610 0.014291 0.102699 -1.342363 -0.016520 0.999645 0.020888 104.109016 -0.102364 -0.022472 0.994493 1.848142 0.000000 0.000000 0.000000 1.000000
0.994249 0.010912 0.106538 -1.708557 -0.013229 0.999691 0.021068 104.195091 -0.106275 -0.022357 0.994085 1.940174 0.000000 0.000000 0.000000 1.000000
0.993928 0.007433 0.109778 -2.073853 -0.009815 0.999727 0.021180 104.269768 -0.109590 -0.022129 0.993730 2.015630 0.000000 0.000000 0.000000 1.000000
0.993665 0.004211 0.112307 -2.432859 -0.006610 0.999758 0.021003 104.312477 -0.112192 -0.021612 0.993452 2.067856 0.000000 0.000000 0.000000 1.000000
0.993510 0.001967 0.113728 -2.779444 -0.004284 0.999788 0.020133 104.312050 -0.113664 -0.020489 0.993308 2.095485 0.000000 0.000000 0.000000 1.000000
0.993557 0.001119 0.113330 -3.106117 -0.003251 0.999821 0.018630 104.283653 -0.113289 -0.018879 0.993383 2.104578 0.000000 0.000000 0.000000 1.000000
0.993811 0.000960 0.111078 -3.411384 -0.002871 0.999851 0.017046 104.263359 -0.111045 -0.017259 0.993666 2.107251 0.000000 0.000000 0.000000 1.000000
0.994119 0.000122 0.108295 -3.699755 -0.001865 0.999870 0.015995 104.267868 -0.108279 -0.016103 0.993990 2.112786 0.000000 0.000000 0.000000 1.000000
0.994328 -0.002305 0.106331 -3.974470 0.000612 0.999873 0.015948 104.281357 -0.106354 -0.015793 0.994203 2.123717 0.000000 0.000000 0.000000 1.000000
0.994456 -0.005995 0.104987 -4.233394 0.004239 0.999847 0.016943 104.276649 -0.105072 -0.016404 0.994329 2.142035 0.000000 0.000000 0.000000 1.000000
0.994614 -0.009905 0.103178 -4.472842 0.008042 0.999797 0.018455 104.257484 -0.103340 -0.017526 0.994492 2.173790 0.000000 0.000000 0.000000 1.000000
0.994823 -0.013298 0.100753 -4.691169 0.011360 0.999740 0.019788 104.246414 -0.100990 -0.018541 0.994715 2.222964 0.000000 0.000000 0.000000 1.000000
0.994978 -0.016528 0.098719 -4.894040 0.014583 0.999686 0.020388 104.256660 -0.099025 -0.018846 0.994906 2.286552 0.000000 0.000000 0.000000 1.000000
0.994999 -0.019968 0.097867 -5.085366 0.018092 0.999636 0.020023 104.279877 -0.098231 -0.018152 0.994998 2.355059 0.000000 0.000000 0.000000 1.000000
0.994924 -0.023302 0.097890 -5.261821 0.021534 0.999586 0.019073 104.303085 -0.098294 -0.016868 0.995014 2.415654 0.000000 0.000000 0.000000 1.000000
0.994840 -0.026218 0.098014 -5.420794 0.024555 0.999534 0.018134 104.312943 -0.098444 -0.015634 0.995020 2.456652 0.000000 0.000000 0.000000 1.000000
0.994773 -0.029084 0.097878 -5.567492 0.027528 0.999473 0.017211 104.291397 -0.098327 -0.014427 0.995050 2.472106 0.000000 0.000000 0.000000 1.000000
0.994719 -0.032407 0.097385 -5.708189 0.031004 0.999393 0.015892 104.220993 -0.097841 -0.012789 0.995120 2.459953 0.000000 0.000000 0.000000 1.000000
0.994736 -0.035716 0.096049 -5.835663 0.034520 0.999305 0.014088 104.101059 -0.096485 -0.010698 0.995277 2.418808 0.000000 0.000000 0.000000 1.000000
0.994932 -0.037597 0.093256 -5.929712 0.036636 0.999257 0.011994 103.955414 -0.093637 -0.008517 0.995570 2.352325 0.000000 0.000000 0.000000 1.000000
0.995308 -0.037038 0.089384 -5.975147 0.036314 0.999293 0.009708 103.830498 -0.089680 -0.006417 0.995950 2.275037 0.000000 0.000000 0.000000 1.000000
0.995690 -0.034448 0.086103 -5.972058 0.033936 0.999397 0.007411 103.763321 -0.086306 -0.004457 0.996259 2.205266 0.000000 0.000000 0.000000 1.000000
0.995906 -0.031450 0.084749 -5.931322 0.031082 0.999501 0.005663 103.757957 -0.084885 -0.003006 0.996386 2.151879 0.000000 0.000000 0.000000 1.000000
0.995978 -0.029486 0.084606 -5.862418 0.029161 0.999562 0.005069 103.795280 -0.084718 -0.002581 0.996402 2.114518 0.000000 0.000000 0.000000 1.000000
0.996076 -0.028637 0.083742 -5.762066 0.028276 0.999585 0.005501 103.854668 -0.083865 -0.003112 0.996472 2.097913 0.000000 0.000000 0.000000 1.000000
0.996300 -0.028057 0.081237 -5.615939 0.027663 0.999599 0.005978 103.924149 -0.081372 -0.003709 0.996677 2.113464 0.000000 0.000000 0.000000 1.000000
0.996598 -0.027295 0.077763 -5.415800 0.026938 0.999621 0.005640 103.999222 -0.077887 -0.003526 0.996956 2.162292 0.000000 0.000000 0.000000 1.000000
0.996875 -0.026550 0.074404 -5.170488 0.026287 0.999644 0.004509 104.076317 -0.074497 -0.002539 0.997218 2.228434 0.000000 0.000000 0.000000 1.000000
0.997102 -0.025805 0.071562 -4.896414 0.025653 0.999666 0.003029 104.148445 -0.071616 -0.001184 0.997432 2.291697 0.000000 0.000000 0.000000 1.000000
0.997309 -0.024552 0.069079 -4.603025 0.024514 0.999699 0.001401 104.205925 -0.069092 0.000297 0.997610 2.339334 0.000000 0.000000 0.000000 1.000000
0.997497 -0.022537 0.067025 -4.290840 0.022608 0.999744 -0.000300 104.236336 -0.067001 0.001815 0.997751 2.364257 0.000000 0.000000 0.000000 1.000000
0.997634 -0.020050 0.065765 -3.958529 0.020214 0.999794 -0.001818 104.232124 -0.065715 0.003143 0.997833 2.360201 0.000000 0.000000 0.000000 1.000000
0.997723 -0.017399 0.065165 -3.609677 0.017626 0.999840 -0.002904 104.200592 -0.065104 0.004046 0.997870 2.325195 0.000000 0.000000 0.000000 1.000000
0.997817 -0.014667 0.064391 -3.255071 0.014929 0.999882 -0.003590 104.161751 -0.064331 0.004544 0.997918 2.267244 0.000000 0.000000 0.000000 1.000000
0.997947 -0.011947 0.062916 -2.907971 0.012216 0.999918 -0.003901 104.140259 -0.062865 0.004661 0.998011 2.201395 0.000000 0.000000 0.000000 1.000000
0.998076 -0.009299 0.061301 -2.573225 0.009528 0.999949 -0.003449 104.148643 -0.061266 0.004027 0.998113 2.142416 0.000000 0.000000 0.000000 1.000000
0.998145 -0.006694 0.060511 -2.245600 0.006812 0.999975 -0.001753 104.178848 -0.060498 0.002162 0.998166 2.102526 0.000000 0.000000 0.000000 1.000000
0.998145 -0.004149 0.060747 -1.923271 0.004101 0.999991 0.000913 104.205116 -0.060750 -0.000662 0.998153 2.089074 0.000000 0.000000 0.000000 1.000000
0.998110 -0.001469 0.061442 -1.613202 0.001264 0.999994 0.003376 104.210030 -0.061447 -0.003292 0.998105 2.100535 0.000000 0.000000 0.000000 1.000000
0.998066 0.001680 0.062146 -1.322623 -0.001975 0.999987 0.004681 104.196503 -0.062138 -0.004795 0.998056 2.126416 0.000000 0.000000 0.000000 1.000000
0.998006 0.005227 0.062894 -1.053998 -0.005547 0.999973 0.004911 104.176804 -0.062867 -0.005250 0.998008 2.153574 0.000000 0.000000 0.000000 1.000000
0.997932 0.008493 0.063720 -0.809435 -0.008807 0.999950 0.004641 104.161102 -0.063677 -0.005192 0.997957 2.172058 0.000000 0.000000 0.000000 1.000000
0.997868 0.010976 0.064339 -0.589258 -0.011270 0.999928 0.004216 104.148964 -0.064288 -0.004932 0.997919 2.174190 0.000000 0.000000 0.000000 1.000000
0.997836 0.012807 0.064489 -0.389573 -0.013072 0.999908 0.003699 104.129982 -0.064435 -0.004534 0.997912 2.151942 0.000000 0.000000 0.000000 1.000000
0.997828 0.014487 0.064261 -0.205604 -0.014712 0.999887 0.003039 104.097229 -0.064210 -0.003978 0.997928 2.098780 0.000000 0.000000 0.000000 1.000000
0.997811 0.016574 0.064013 -0.034712 -0.016755 0.999857 0.002285 104.046547 -0.063966 -0.003352 0.997946 2.012552 0.000000 0.000000 0.000000 1.000000
0.997748 0.019372 0.064222 0.123884 -0.019527 0.999808 0.001790 103.973007 -0.064174 -0.003040 0.997934 1.897390 0.000000 0.000000 0.000000 1.000000
0.997611 0.022444 0.065341 0.266661 -0.022625 0.999742 0.002027 103.883369 -0.065279 -0.003500 0.997861 1.764007 0.000000 0.000000 0.000000 1.000000
0.997425 0.024649 0.067354 0.381361 -0.024917 0.999685 0.003147 103.800095 -0.067255 -0.004817 0.997724 1.627183 0.000000 0.000000 0.000000 1.000000
0.997250 0.025229 0.069682 0.454392 -0.025636 0.999659 0.004941 103.749062 -0.069534 -0.006714 0.997557 1.505325 0.000000 0.000000 0.000000 1.000000
0.997096 0.024975 0.071944 0.489563 -0.025559 0.999647 0.007209 103.736839 -0.071738 -0.009027 0.997383 1.418562 0.000000 0.000000 0.000000 1.000000
0.996923 0.025116 0.074252 0.503359 -0.025931 0.999613 0.010026 103.748245 -0.073972 -0.011921 0.997189 1.377920 0.000000 0.000000 0.000000 1.000000
0.996736 0.025426 0.076620 0.496071 -0.026523 0.999559 0.013328 103.768738 -0.076248 -0.015317 0.996971 1.377392 0.000000 0.000000 0.000000 1.000000
0.996567 0.025156 0.078876 0.450073 -0.026510 0.999518 0.016158 103.790421 -0.078431 -0.018194 0.996753 1.402270 0.000000 0.000000 0.000000 1.000000
0.996402 0.024665 0.081088 0.359075 -0.026146 0.999509 0.017244 103.805435 -0.080623 -0.019302 0.996558 1.440894 0.000000 0.000000 0.000000 1.000000
0.996311 0.024570 0.082222 0.298318 -0.026041 0.999519 0.016865 103.808105 -0.081768 -0.018943 0.996471 1.462992 0.000000 0.000000 0.000000 1.000000</float_array>
        <technique_common>
          <accessor source="#mixamorig_Hips-Matrix-animation-output-transform-array" count="61" stride="16">
            <param type="float4x4"/>
          </accessor>
        </technique_common>
      </source>
      <source id="mixamorig_Hips-Interpolations">
        <Name_array id="mixamorig_Hips-Interpolations-array" count="61">
 LINEAR LINEAR LINEAR LINEAR LINEAR LINEAR LINEAR LINEAR LINEAR LINEAR LINEAR
LINEAR LINEAR LINEAR LINEAR LINEAR LINEAR LINEAR LINEAR LINEAR LINEAR LINEAR LINEAR
LINEAR LINEAR LINEAR LINEAR LINEAR LINEAR LINEAR LINEAR LINEAR LINEAR LINEAR LINEAR
LINEAR LINEAR LINEAR LINEAR LINEAR LINEAR LINEAR LINEAR LINEAR LINEAR LINEAR LINEAR
LINEAR LINEAR LINEAR LINEAR LINEAR LINEAR LINEAR LINEAR LINEAR LINEAR LINEAR LINEAR
LINEAR LINEAR</Name_array>
        <technique_common>
          <accessor source="#mixamorig_Hips-Interpolations-array" count="61">
            <param type="name"/>
          </accessor>
        </technique_common>
      </source>
      <sampler id="mixamorig_Hips-Matrix-animation-transform">
        <input semantic="INPUT" source="#mixamorig_Hips-Matrix-animation-input"/>
        <input semantic="OUTPUT" source="#mixamorig_Hips-Matrix-animation-output-transform"/>
        <input semantic="INTERPOLATION" source="#mixamorig_Hips-Interpolations"/>
      </sampler>
      <channel source="#mixamorig_Hips-Matrix-animation-transform" target="mixamorig_Hips/matrix"/>
    </animation>
    <animation id="mixamorig_Spine-anim" name="mixamorig_Spine">
      <source id="mixamorig_Spine-Matrix-animation-input">
        <float_array id="mixamorig_Spine-Matrix-animation-input-array" count="61">

0.000000 0.033333 0.066667 0.100000 0.133333 0.166667 0.200000 0.233333 0.266667 0.300000 0.333333 0.366667 0.400000 0.433333 0.466667 0.500000
0.533333 0.566667 0.600000 0.633333 0.666667 0.700000 0.733333 0.766667 0.800000 0.833333 0.866667 0.900000 0.933333 0.966667 1.000000 1.033333
1.066667 1.100000 1.133333 1.166667 1.200000 1.233333 1.266667 1.300000 1.333333 1.366667 1.400000 1.433333 1.466667 1.500000 1.533333 1.566667
1.600000 1.633333 1.666667 1.700000 1.733333 1.766667 1.800000 1.833333 1.866667 1.900000 1.933333 1.966667 2.000000</float_array>
        <technique_common>
          <accessor source="#mixamorig_Spine-Matrix-animation-input-array" count="61">
            <param name="TIME" type="float"/>
          </accessor>
        </technique_common>
      </source>
      <source id="mixamorig_Spine-Matrix-animation-output-transform">
        <float_array id="mixamorig_Spine-Matrix-animation-output-transform-array" count="976">

0.999644 0.026327 -0.004308 0.000000 -0.026402 0.999477 -0.018647 10.181600 0.003815 0.018754 0.999817 0.131500 0.000000 0.000000 0.000000 1.000000
0.999645 0.026404 -0.003686 0.000000 -0.026469 0.999476 -0.018619 10.181600 0.003192 0.018710 0.999820 0.131500 0.000000 0.000000 0.000000 1.000000
0.999636 0.026736 -0.003639 0.000000 -0.026799 0.999471 -0.018404 10.181600 0.003145 0.018495 0.999824 0.131500 0.000000 0.000000 0.000000 1.000000
0.999617 0.027378 -0.003966 0.000000 -0.027445 0.999465 -0.017818 10.181600 0.003476 0.017920 0.999833 0.131500 0.000000 0.000000 0.000000 1.000000
0.999590 0.028336 -0.004173 -0.000000 -0.028402 0.999456 -0.016750 10.181600 0.003696 0.016862 0.999851 0.131500 0.000000 0.000000 0.000000 1.000000
0.999559 0.029438 -0.003846 0.000000 -0.029493 0.999448 -0.015304 10.181600 0.003393 0.015411 0.999875 0.131500 0.000000 0.000000 0.000000 1.000000
0.999531 0.030479 -0.002962 -0.000000 -0.030517 0.999440 -0.013762 10.181600 0.002541 0.013846 0.999901 0.131500 0.000000 0.000000 0.000000 1.000000
0.999513 0.031152 -0.001789 -0.000000 -0.031172 0.999438 -0.012321 10.181600 0.001404 0.012371 0.999922 0.131500 0.000000 0.000000 0.000000 1.000000
0.999521 0.030936 -0.000540 0.000000 -0.030940 0.999463 -0.010823 10.181600 0.000205 0.010835 0.999941 0.131500 0.000000 0.000000 0.000000 1.000000
0.999566 0.029446 0.000835 -0.000000 -0.029438 0.999528 -0.008828 10.181600 -0.001095 0.008800 0.999961 0.131500 0.000000 0.000000 0.000000 1.000000
0.999636 0.026872 0.002448 0.000000 -0.026856 0.999621 -0.006070 10.181600 -0.002610 0.006002 0.999979 0.131500 0.000000 0.000000 0.000000 1.000000
0.999699 0.024190 0.004121 0.000000 -0.024179 0.999703 -0.002888 10.181600 -0.004190 0.002788 0.999987 0.131500 0.000000 0.000000 0.000000 1.000000
0.999732 0.022519 0.005346 0.000000 -0.022519 0.999746 -0.000180 10.181600 -0.005349 0.000059 0.999986 0.131500 0.000000 0.000000 0.000000 1.000000
0.999736 0.022274 0.005686 0.000000 -0.022282 0.999751 0.001191 10.181600 -0.005658 -0.001317 0.999983 0.131500 0.000000 0.000000 0.000000 1.000000
0.999725 0.022890 0.005171 0.000000 -0.022895 0.999737 0.001036 10.181600 -0.005146 -0.001154 0.999986 0.131500 0.000000 0.000000 0.000000 1.000000
0.999716 0.023457 0.004229 0.000000 -0.023457 0.999725 -0.000008 10.181600 -0.004228 -0.000091 0.999991 0.131500 0.000000 0.000000 0.000000 1.000000
0.999723 0.023311 0.003229 0.000000 -0.023308 0.999728 -0.000962 10.181600 -0.003251 0.000886 0.999994 0.131500 0.000000 0.000000 0.000000 1.000000
0.999743 0.022582 0.002229 0.000000 -0.022579 0.999744 -0.001176 10.181600 -0.002255 0.001125 0.999997 0.131500 0.000000 0.000000 0.000000 1.000000
0.999767 0.021564 0.001043 0.000000 -0.021563 0.999767 -0.000686 10.181600 -0.001057 0.000663 0.999999 0.131500 0.000000 0.000000 0.000000 1.000000
0.999794 0.020268 -0.000471 -0.000000 -0.020268 0.999795 0.000003 10.181600 0.000471 0.000007 1.000000 0.131500 0.000000 0.000000 0.000000 1.000000
0.999822 0.018721 -0.002174 0.000000 -0.018720 0.999825 0.000408 10.181600 0.002181 -0.000367 0.999998 0.131500 0.000000 0.000000 0.000000 1.000000
0.999844 0.017297 -0.003613 0.000000 -0.017296 0.999850 0.000398 10.181600 0.003619 -0.000335 0.999993 0.131500 0.000000 0.000000 0.000000 1.000000
0.999858 0.016313 -0.004230 -0.000000 -0.016312 0.999867 0.000152 10.181600 0.004231 -0.000083 0.999991 0.131500 0.000000 0.000000 0.000000 1.000000
0.999878 0.015175 -0.003788 -0.000000 -0.015175 0.999885 -0.000016 10.181600 0.003787 0.000073 0.999993 0.131500 0.000000 0.000000 0.000000 1.000000
0.999915 0.012717 -0.002707 0.000000 -0.012716 0.999919 0.000227 10.181600 0.002710 -0.000193 0.999996 0.131500 0.000000 0.000000 0.000000 1.000000
0.999961 0.008669 -0.001948 0.000000 -0.008667 0.999962 0.001056 10.181600 0.001957 -0.001039 0.999998 0.131500 0.000000 0.000000 0.000000 1.000000
0.999989 0.004132 -0.002434 0.000000 -0.004127 0.999989 0.002182 10.181600 0.002443 -0.002172 0.999995 0.131500 0.000000 0.000000 0.000000 1.000000
0.999990 0.000671 -0.004405 -0.000000 -0.000658 0.999996 0.002822 10.181600 0.004407 -0.002819 0.999986 0.131500 0.000000 0.000000 0.000000 1.000000
0.999973 -0.000948 -0.007325 -0.000000 0.000965 0.999997 0.002279 10.181600 0.007323 -0.002286 0.999971 0.131500 0.000000 0.000000 0.000000 1.000000
0.999945 -0.001241 -0.010425 0.000000 0.001247 0.999999 0.000645 10.181600 0.010424 -0.000658 0.999945 0.131500 0.000000 0.000000 0.000000 1.000000
0.999912 -0.001280 -0.013237 -0.000000 0.001264 0.999999 -0.001171 10.181600 0.013239 0.001155 0.999912 0.131500 0.000000 0.000000 0.000000 1.000000
0.999877 -0.001573 -0.015590 -0.000000 0.001539 0.999996 -0.002215 10.181600 0.015594 0.002191 0.999876 0.131500 0.000000 0.000000 0.000000 1.000000
0.999848 -0.001876 -0.017346 -0.000000 0.001837 0.999996 -0.002230 10.181600 0.017350 0.002198 0.999847 0.131500 0.000000 0.000000 0.000000 1.000000
0.999828 -0.001861 -0.018434 0.000000 0.001830 0.999997 -0.001672 10.181600 0.018437 0.001638 0.999829 0.131500 0.000000 0.000000 0.000000 1.000000
0.999816 -0.001634 -0.019131 -0.000000 0.001612 0.999998 -0.001158 10.181600 0.019133 0.001127 0.999816 0.131500 0.000000 0.000000 0.000000 1.000000
0.999798 -0.001540 -0.020032 0.000000 0.001520 0.999998 -0.001008 10.181600 0.020033 0.000978 0.999799 0.131500 0.000000 0.000000 0.000000 1.000000
0.999767 -0.001677 -0.021516 0.000000 0.001652 0.999998 -0.001184 10.181600 0.021518 0.001148 0.999768 0.131500 0.000000 0.000000 0.000000 1.000000
0.999726 -0.001832 -0.023328 0.000000 0.001798 0.999997 -0.001452 10.181600 0.023330 0.001409 0.999727 0.131500 0.000000 0.000000 0.000000 1.000000
0.999690 -0.001830 -0.024831 0.000000 0.001790 0.999997 -0.001616 10.181600 0.024834 0.001571 0.999690 0.131500 0.000000 0.000000 0.000000 1.000000
0.999669 -0.001657 -0.025668 0.000000 0.001613 0.999997 -0.001748 10.181600 0.025671 0.001706 0.999669 0.131500 0.000000 0.000000 0.000000 1.000000
0.999660 -0.001328 -0.026053 0.000000 0.001271 0.999997 -0.002200 10.181600 0.026055 0.002166 0.999658 0.131500 0.000000 0.000000 0.000000 1.000000
0.999651 -0.000803 -0.026399 0.000000 0.000717 0.999994 -0.003274 10.181600 0.026401 0.003254 0.999646 0.131500 0.000000 0.000000 0.000000 1.000000
0.999641 -0.000035 -0.026804 0.000000 -0.000094 0.999988 -0.004828 10.181600 0.026804 0.004828 0.999629 0.131500 0.000000 0.000000 0.000000 1.000000
0.999635 0.000865 -0.026998 0.000000 -0.001036 0.999980 -0.006295 10.181600 0.026992 0.006321 0.999616 0.131500 0.000000 0.000000 0.000000 1.000000
0.999642 0.001777 -0.026683 0.000000 -0.001969 0.999972 -0.007175 10.181600 0.026670 0.007225 0.999618 0.131500 0.000000 0.000000 0.000000 1.000000
0.999663 0.002805 -0.025794 -0.000000 -0.002998 0.999968 -0.007456 10.181600 0.025773 0.007531 0.999639 0.131500 0.000000 0.000000 0.000000 1.000000
0.999692 0.004381 -0.024420 0.000000 -0.004567 0.999961 -0.007539 10.181600 0.024386 0.007649 0.999673 0.131500 0.000000 0.000000 0.000000 1.000000
0.999721 0.006728 -0.022654 0.000000 -0.006906 0.999946 -0.007820 10.181600 0.022600 0.007974 0.999713 0.131500 0.000000 0.000000 0.000000 1.000000
0.999743 0.009462 -0.020608 -0.000000 -0.009637 0.999918 -0.008402 10.181600 0.020527 0.008598 0.999752 0.131500 0.000000 0.000000 0.000000 1.000000
0.999759 0.011793 -0.018533 0.000000 -0.011965 0.999886 -0.009187 10.181600 0.018422 0.009406 0.999786 0.131500 0.000000 0.000000 0.000000 1.000000
0.999773 0.013056 -0.016813 -0.000000 -0.013228 0.999861 -0.010140 10.181600 0.016678 0.010360 0.999807 0.131500 0.000000 0.000000 0.000000 1.000000
0.999786 0.013414 -0.015735 -0.000000 -0.013593 0.999843 -0.011355 10.181600 0.015580 0.011566 0.999812 0.131500 0.000000 0.000000 0.000000 1.000000
0.999787 0.013940 -0.015237 0.000000 -0.014136 0.999818 -0.012843 10.181600 0.015056 0.013056 0.999801 0.131500 0.000000 0.000000 0.000000 1.000000
0.999767 0.015569 -0.014948 0.000000 -0.015784 0.999772 -0.014365 10.181600 0.014720 0.014597 0.999785 0.131500 0.000000 0.000000 0.000000 1.000000
0.999730 0.018190 -0.014485 0.000000 -0.018416 0.999708 -0.015629 10.181600 0.014196 0.015892 0.999773 0.131500 0.000000 0.000000 0.000000 1.000000
0.999691 0.020733 -0.013715 0.000000 -0.020961 0.999641 -0.016669 10.181600 0.013364 0.016951 0.999767 0.131500 0.000000 0.000000 0.000000 1.000000
0.999674 0.022172 -0.012670 0.000000 -0.022395 0.999591 -0.017794 10.181600 0.012270 0.018072 0.999761 0.131500 0.000000 0.000000 0.000000 1.000000
0.999679 0.022688 -0.011288 0.000000 -0.022900 0.999556 -0.019061 10.181600 0.010851 0.019314 0.999755 0.131500 0.000000 0.000000 0.000000 1.000000
0.999684 0.023308 -0.009408 0.000000 -0.023493 0.999524 -0.019990 10.181600 0.008937 0.020205 0.999756 0.131500 0.000000 0.000000 0.000000 1.000000
0.999673 0.024597 -0.007016 -0.000000 -0.024733 0.999493 -0.020067 10.181600 0.006519 0.020234 0.999774 0.131500 0.000000 0.000000 0.000000 1.000000
0.999658 0.025522 -0.005665 0.000000 -0.025629 0.999477 -0.019701 10.181600 0.005160 0.019839 0.999790 0.131500 0.000000 0.000000 0.000000 1.000000</float_array>
        <technique_common>
          <accessor source="#mixamorig_Spine-Matrix-animation-output-transform-array" count="61" stride="16">
            <param type="float4x4"/>
          </accessor>
        </technique_common>
      </source>
      <source id="mixamorig_Spine-Interpolations">
        <Name_array id="mixamorig_Spine-Interpolations-array" count="61">
 LINEAR LINEAR LINEAR LINEAR LINEAR LINEAR LINEAR LINEAR LINEAR LINEAR LINEAR
LINEAR LINEAR LINEAR LINEAR LINEAR LINEAR LINEAR LINEAR LINEAR LINEAR LINEAR LINEAR
LINEAR LINEAR LINEAR LINEAR LINEAR LINEAR LINEAR LINEAR LINEAR LINEAR LINEAR LINEAR
LINEAR LINEAR LINEAR LINEAR LINEAR LINEAR LINEAR LINEAR LINEAR LINEAR LINEAR LINEAR
LINEAR LINEAR LINEAR LINEAR LINEAR LINEAR LINEAR LINEAR LINEAR LINEAR LINEAR LINEAR
LINEAR LINEAR</Name_array>
        <technique_common>
          <accessor source="#mixamorig_Spine-Interpolations-array" count="61">
            <param type="name"/>
          </accessor>
        </technique_common>
      </source>
      <sampler id="mixamorig_Spine-Matrix-animation-transform">
        <input semantic="INPUT" source="#mixamorig_Spine-Matrix-animation-input"/>
        <input semantic="OUTPUT" source="#mixamorig_Spine-Matrix-animation-output-transform"/>
        <input semantic="INTERPOLATION" source="#mixamorig_Spine-Interpolations"/>
      </sampler>
      <channel source="#mixamorig_Spine-Matrix-animation-transform" target="mixamorig_Spine/matrix"/>
    </animation>
    <animation id="mixamorig_Spine1-anim" name="mixamorig_Spine1">
      <source id="mixamorig_Spine1-Matrix-animation-input">
        <float_array id="mixamorig_Spine1-Matrix-animation-input-array" count="61">

0.000000 0.033333 0.066667 0.100000 0.133333 0.166667 0.200000 0.233333 0.266667 0.300000 0.333333 0.366667 0.400000 0.433333 0.466667 0.500000
0.533333 0.566667 0.600000 0.633333 0.666667 0.700000 0.733333 0.766667 0.800000 0.833333 0.866667 0.900000 0.933333 0.966667 1.000000 1.033333
1.066667 1.100000 1.133333 1.166667 1.200000 1.233333 1.266667 1.300000 1.333333 1.366667 1.400000 1.433333 1.466667 1.500000 1.533333 1.566667
1.600000 1.633333 1.666667 1.700000 1.733333 1.766667 1.800000 1.833333 1.866667 1.900000 1.933333 1.966667 2.000000</float_array>
        <technique_common>
          <accessor source="#mixamorig_Spine1-Matrix-animation-input-array" count="61">
            <param name="TIME" type="float"/>
          </accessor>
        </technique_common>
      </source>
      <source id="mixamorig_Spine1-Matrix-animation-output-transform">
        <float_array id="mixamorig_Spine1-Matrix-animation-output-transform-array" count="976">

0.999998 0.001753 0.001124 0.000000 -0.001824 0.997751 0.067000 10.083500 -0.001004 -0.067002 0.997752 -1.000800 0.000000 0.000000 0.000000 1.000000
0.999996 0.002462 0.001140 0.000000 -0.002533 0.997752 0.066969 10.083500 -0.000972 -0.066972 0.997754 -1.000800 0.000000 0.000000 0.000000 1.000000
0.999994 0.003243 0.001121 0.000000 -0.003311 0.997747 0.067007 10.083500 -0.000901 -0.067010 0.997752 -1.000800 0.000000 0.000000 0.000000 1.000000
0.999991 0.004130 0.001083 0.000000 -0.004193 0.997731 0.067200 10.083500 -0.000803 -0.067204 0.997739 -1.000800 0.000000 0.000000 0.000000 1.000000
0.999986 0.005108 0.001075 0.000000 -0.005169 0.997698 0.067614 10.083500 -0.000727 -0.067619 0.997711 -1.000800 0.000000 0.000000 0.000000 1.000000
0.999981 0.006122 0.001155 0.000000 -0.006187 0.997651 0.068223 10.083500 -0.000735 -0.068228 0.997669 -1.000800 0.000000 0.000000 0.000000 1.000000
0.999974 0.007109 0.001335 0.000000 -0.007184 0.997599 0.068885 10.083500 -0.000842 -0.068893 0.997624 -1.000800 0.000000 0.000000 0.000000 1.000000
0.999967 0.008001 0.001561 0.000000 -0.008090 0.997556 0.069400 10.083500 -0.001002 -0.069410 0.997588 -1.000800 0.000000 0.000000 0.000000 1.000000
0.999961 0.008682 0.001768 0.000000 -0.008784 0.997535 0.069612 10.083500 -0.001159 -0.069625 0.997573 -1.000800 0.000000 0.000000 0.000000 1.000000
0.999958 0.009000 0.001951 0.000000 -0.009114 0.997541 0.069497 10.083500 -0.001320 -0.069512 0.997580 -1.000800 0.000000 0.000000 0.000000 1.000000
0.999958 0.008913 0.002149 0.000000 -0.009040 0.997564 0.069162 10.083500 -0.001528 -0.069178 0.997603 -1.000800 0.000000 0.000000 0.000000 1.000000
0.999960 0.008624 0.002370 0.000000 -0.008767 0.997595 0.068753 10.083500 -0.001771 -0.068771 0.997631 -1.000800 0.000000 0.000000 0.000000 1.000000
0.999961 0.008487 0.002531 0.000000 -0.008640 0.997623 0.068358 10.083500 -0.001944 -0.068377 0.997658 -1.000800 0.000000 0.000000 0.000000 1.000000
0.999959 0.008709 0.002524 0.000000 -0.008861 0.997647 0.067990 10.083500 -0.001926 -0.068010 0.997683 -1.000800 0.000000 0.000000 0.000000 1.000000
0.999955 0.009151 0.002326 -0.000000 -0.009288 0.997665 0.067670 10.083500 -0.001701 -0.067689 0.997705 -1.000800 0.000000 0.000000 0.000000 1.000000
0.999953 0.009462 0.002017 0.000000 -0.009577 0.997673 0.067506 10.083500 -0.001373 -0.067522 0.997717 -1.000800 0.000000 0.000000 0.000000 1.000000
0.999954 0.009402 0.001696 0.000000 -0.009495 0.997662 0.067677 10.083500 -0.001056 -0.067690 0.997706 -1.000800 0.000000 0.000000 0.000000 1.000000
0.999959 0.008998 0.001385 -0.000000 -0.009071 0.997624 0.068297 10.083500 -0.000768 -0.068307 0.997664 -1.000800 0.000000 0.000000 0.000000 1.000000
0.999964 0.008408 0.001025 0.000000 -0.008459 0.997560 0.069294 10.083500 -0.000440 -0.069300 0.997596 -1.000800 0.000000 0.000000 0.000000 1.000000
0.999970 0.007742 0.000557 0.000000 -0.007763 0.997486 0.070433 10.083500 -0.000011 -0.070435 0.997516 -1.000800 0.000000 0.000000 0.000000 1.000000
0.999975 0.007047 0.000024 0.000000 -0.007030 0.997419 0.071458 10.083500 0.000479 -0.071456 0.997444 -1.000800 0.000000 0.000000 0.000000 1.000000
0.999980 0.006381 -0.000428 0.000000 -0.006334 0.997369 0.072218 10.083500 0.000887 -0.072214 0.997389 -1.000800 0.000000 0.000000 0.000000 1.000000
0.999983 0.005773 -0.000643 -0.000000 -0.005711 0.997340 0.072669 10.083500 0.001061 -0.072664 0.997356 -1.000800 0.000000 0.000000 0.000000 1.000000
0.999987 0.005094 -0.000591 -0.000000 -0.005038 0.997334 0.072799 10.083500 0.000960 -0.072795 0.997346 -1.000800 0.000000 0.000000 0.000000 1.000000
0.999991 0.004110 -0.000425 -0.000000 -0.004068 0.997355 0.072576 10.083500 0.000722 -0.072574 0.997363 -1.000800 0.000000 0.000000 0.000000 1.000000
0.999996 0.002733 -0.000401 0.000000 -0.002697 0.997405 0.071948 10.083500 0.000597 -0.071946 0.997408 -1.000800 0.000000 0.000000 0.000000 1.000000
0.999999 0.001184 -0.000703 0.000000 -0.001132 0.997483 0.070892 10.083500 0.000785 -0.070891 0.997484 -1.000800 0.000000 0.000000 0.000000 1.000000
0.999999 -0.000179 -0.001316 -0.000000 0.000270 0.997582 0.069504 10.083500 0.001301 -0.069504 0.997581 -1.000800 0.000000 0.000000 0.000000 1.000000
0.999997 -0.001203 -0.002078 -0.000000 0.001342 0.997680 0.068059 10.083500 0.001991 -0.068062 0.997679 -1.000800 0.000000 0.000000 0.000000 1.000000
0.999994 -0.002051 -0.002823 -0.000000 0.002236 0.997753 0.066961 10.083500 0.002679 -0.066967 0.997752 -1.000800 0.000000 0.000000 0.000000 1.000000
0.999990 -0.002973 -0.003476 0.000000 0.003198 0.997778 0.066548 10.083500 0.003271 -0.066559 0.997777 -1.000800 0.000000 0.000000 0.000000 1.000000
0.999984 -0.004044 -0.004007 -0.000000 0.004303 0.997751 0.066893 10.083500 0.003728 -0.066910 0.997752 -1.000800 0.000000 0.000000 0.000000 1.000000
0.999977 -0.005149 -0.004369 0.000000 0.005434 0.997686 0.067773 10.083500 0.004010 -0.067795 0.997691 -1.000800 0.000000 0.000000 0.000000 1.000000
0.999971 -0.006180 -0.004537 0.000000 0.006477 0.997608 0.068815 10.083500 0.004101 -0.068843 0.997619 -1.000800 0.000000 0.000000 0.000000 1.000000
0.999964 -0.007139 -0.004591 -0.000000 0.007442 0.997541 0.069682 10.083500 0.004082 -0.069714 0.997559 -1.000800 0.000000 0.000000 0.000000 1.000000
0.999956 -0.008084 -0.004698 -0.000000 0.008394 0.997501 0.070158 10.083500 0.004119 -0.070194 0.997525 -1.000800 0.000000 0.000000 0.000000 1.000000
0.999947 -0.009009 -0.004965 0.000000 0.009335 0.997493 0.070143 10.083500 0.004321 -0.070185 0.997525 -1.000800 0.000000 0.000000 0.000000 1.000000
0.999937 -0.009838 -0.005338 0.000000 0.010186 0.997521 0.069633 10.083500 0.004640 -0.069683 0.997558 -1.000800 0.000000 0.000000 0.000000 1.000000
0.999929 -0.010494 -0.005662 -0.000000 0.010858 0.997577 0.068714 10.083500 0.004927 -0.068770 0.997620 -1.000800 0.000000 0.000000 0.000000 1.000000
0.999923 -0.010948 -0.005837 -0.000000 0.011318 0.997652 0.067543 10.083500 0.005084 -0.067604 0.997699 -1.000800 0.000000 0.000000 0.000000 1.000000
0.999920 -0.011218 -0.005887 0.000000 0.011584 0.997730 0.066342 10.083500 0.005129 -0.066405 0.997780 -1.000800 0.000000 0.000000 0.000000 1.000000
0.999918 -0.011334 -0.005886 0.000000 0.011694 0.997793 0.065366 10.083500 0.005132 -0.065430 0.997844 -1.000800 0.000000 0.000000 0.000000 1.000000
0.999919 -0.011322 -0.005860 0.000000 0.011679 0.997826 0.064857 10.083500 0.005113 -0.064920 0.997877 -1.000800 0.000000 0.000000 0.000000 1.000000
0.999921 -0.011206 -0.005775 -0.000000 0.011558 0.997822 0.064950 10.083500 0.005034 -0.065012 0.997872 -1.000800 0.000000 0.000000 0.000000 1.000000
0.999924 -0.010985 -0.005582 0.000000 0.011328 0.997781 0.065607 10.083500 0.004849 -0.065665 0.997830 -1.000800 0.000000 0.000000 0.000000 1.000000
0.999930 -0.010620 -0.005259 0.000000 0.010947 0.997719 0.066613 10.083500 0.004540 -0.066666 0.997765 -1.000800 0.000000 0.000000 0.000000 1.000000
0.999938 -0.010053 -0.004798 0.000000 0.010355 0.997653 0.067685 10.083500 0.004106 -0.067730 0.997695 -1.000800 0.000000 0.000000 0.000000 1.000000
0.999948 -0.009282 -0.004201 0.000000 0.009548 0.997600 0.068584 10.083500 0.003554 -0.068621 0.997636 -1.000800 0.000000 0.000000 0.000000 1.000000
0.999958 -0.008413 -0.003513 0.000000 0.008636 0.997567 0.069176 10.083500 0.002923 -0.069204 0.997598 -1.000800 0.000000 0.000000 0.000000 1.000000
0.999967 -0.007627 -0.002846 -0.000000 0.007806 0.997558 0.069405 10.083500 0.002309 -0.069425 0.997585 -1.000800 0.000000 0.000000 0.000000 1.000000
0.999972 -0.007054 -0.002333 -0.000000 0.007199 0.997575 0.069227 10.083500 0.001839 -0.069241 0.997598 -1.000800 0.000000 0.000000 0.000000 1.000000
0.999976 -0.006648 -0.002040 0.000000 0.006772 0.997623 0.068580 10.083500 0.001579 -0.068592 0.997644 -1.000800 0.000000 0.000000 0.000000 1.000000
0.999979 -0.006188 -0.001895 0.000000 0.006302 0.997703 0.067451 10.083500 0.001473 -0.067462 0.997721 -1.000800 0.000000 0.000000 0.000000 1.000000
0.999984 -0.005454 -0.001751 0.000000 0.005557 0.997804 0.065999 10.083500 0.001387 -0.066008 0.997818 -1.000800 0.000000 0.000000 0.000000 1.000000
0.999989 -0.004436 -0.001520 0.000000 0.004525 0.997901 0.064601 10.083500 0.001230 -0.064607 0.997910 -1.000800 0.000000 0.000000 0.000000 1.000000
0.999994 -0.003364 -0.001228 -0.000000 0.003435 0.997963 0.063696 10.083500 0.001011 -0.063699 0.997969 -1.000800 0.000000 0.000000 0.000000 1.000000
0.999997 -0.002452 -0.000926 0.000000 0.002506 0.997977 0.063526 10.083500 0.000769 -0.063529 0.997980 -1.000800 0.000000 0.000000 0.000000 1.000000
0.999998 -0.001664 -0.000581 0.000000 0.001698 0.997947 0.064020 10.083500 0.000474 -0.064021 0.997948 -1.000800 0.000000 0.000000 0.000000 1.000000
1.000000 -0.000772 -0.000102 0.000000 0.000777 0.997891 0.064906 10.083500 0.000052 -0.064906 0.997891 -1.000800 0.000000 0.000000 0.000000 1.000000
1.000000 0.000369 0.000541 0.000000 -0.000404 0.997824 0.065937 10.083500 -0.000516 -0.065937 0.997824 -1.000800 0.000000 0.000000 0.000000 1.000000
0.999999 0.001040 0.000917 0.000000 -0.001099 0.997789 0.066453 10.083500 -0.000846 -0.066454 0.997789 -1.000800 0.000000 0.000000 0.000000 1.000000</float_array>
        <technique_common>
          <accessor source="#mixamorig_Spine1-Matrix-animation-output-transform-array" count="61" stride="16">
            <param type="float4x4"/>
          </accessor>
        </technique_common>
      </source>
      <source id="mixamorig_Spine1-Interpolations">
        <Name_array id="mixamorig_Spine1-Interpolations-array" count="61">
 LINEAR LINEAR LINEAR LINEAR LINEAR LINEAR LINEAR LINEAR LINEAR LINEAR LINEAR
LINEAR LINEAR LINEAR LINEAR LINEAR LINEAR LINEAR LINEAR LINEAR LINEAR LINEAR LINEAR
LINEAR LINEAR LINEAR LINEAR LINEAR LINEAR LINEAR LINEAR LINEAR LINEAR LINEAR LINEAR
LINEAR LINEAR LINEAR LINEAR LINEAR LINEAR LINEAR LINEAR LINEAR LINEAR LINEAR LINEAR
LINEAR LINEAR LINEAR LINEAR LINEAR LINEAR LINEAR LINEAR LINEAR LINEAR LINEAR LINEAR
LINEAR LINEAR</Name_array>
        <technique_common>
          <accessor source="#mixamorig_Spine1-Interpolations-array" count="61">
            <param type="name"/>
          </accessor>
        </technique_common>
      </source>
      <sampler id="mixamorig_Spine1-Matrix-animation-transform">
        <input semantic="INPUT" source="#mixamorig_Spine1-Matrix-animation-input"/>
        <input semantic="OUTPUT" source="#mixamorig_Spine1-Matrix-animation-output-transform"/>
        <input semantic="INTERPOLATION" source="#mixamorig_Spine1-Interpolations"/>
      </sampler>
      <channel source="#mixamorig_Spine1-Matrix-animation-transform" target="mixamorig_Spine1/matrix"/>
    </animation>
    <animation id="mixamorig_Spine2-anim" name="mixamorig_Spine2">
      <source id="mixamorig_Spine2-Matrix-animation-input">
        <float_array id="mixamorig_Spine2-Matrix-animation-input-array" count="61">

0.000000 0.033333 0.066667 0.100000 0.133333 0.166667 0.200000 0.233333 0.266667 0.300000 0.333333 0.366667 0.400000 0.433333 0.466667 0.500000
0.533333 0.566667 0.600000 0.633333 0.666667 0.700000 0.733333 0.766667 0.800000 0.833333 0.866667 0.900000 0.933333 0.966667 1.000000 1.033333
1.066667 1.100000 1.133333 1.166667 1.200000 1.233333 1.266667 1.300000 1.333333 1.366667 1.400000 1.433333 1.466667 1.500000 1.533333 1.566667
1.600000 1.633333 1.666667 1.700000 1.733333 1.766667 1.800000 1.833333 1.866667 1.900000 1.933333 1.966667 2.000000</float_array>
        <technique_common>
          <accessor source="#mixamorig_Spine2-Matrix-animation-input-array" count="61">
            <param name="TIME" type="float"/>
          </accessor>
        </technique_common>
      </source>
      <source id="mixamorig_Spine2-Matrix-animation-output-transform">
        <float_array id="mixamorig_Spine2-Matrix-animation-output-transform-array" count="976">

0.999997 0.001769 0.001570 0.000000 -0.001870 0.997751 0.066997 9.100000 -0.001448 -0.067000 0.997752 -1.373400 0.000000 0.000000 0.000000 1.000000
0.999996 0.002502 0.001555 0.000000 -0.002600 0.997752 0.066966 9.100000 -0.001384 -0.066970 0.997754 -1.373400 0.000000 0.000000 0.000000 1.000000
0.999994 0.003291 0.001445 -0.000000 -0.003380 0.997747 0.067004 9.100000 -0.001222 -0.067009 0.997752 -1.373400 0.000000 0.000000 0.000000 1.000000
0.999990 0.004173 0.001297 0.000000 -0.004251 0.997731 0.067198 9.100000 -0.001014 -0.067203 0.997739 -1.373400 0.000000 0.000000 0.000000 1.000000
0.999986 0.005146 0.001220 0.000000 -0.005217 0.997698 0.067612 9.100000 -0.000870 -0.067617 0.997711 -1.373400 0.000000 0.000000 0.000000 1.000000
0.999980 0.006161 0.001293 0.000000 -0.006235 0.997651 0.068219 9.100000 -0.000870 -0.068226 0.997670 -1.373400 0.000000 0.000000 0.000000 1.000000
0.999973 0.007154 0.001495 0.000000 -0.007240 0.997599 0.068880 9.100000 -0.000999 -0.068889 0.997624 -1.373400 0.000000 0.000000 0.000000 1.000000
0.999966 0.008054 0.001735 0.000000 -0.008155 0.997556 0.069394 9.100000 -0.001172 -0.069406 0.997588 -1.373400 0.000000 0.000000 0.000000 1.000000
0.999960 0.008739 0.001940 -0.000000 -0.008853 0.997535 0.069605 9.100000 -0.001327 -0.069619 0.997573 -1.373400 0.000000 0.000000 0.000000 1.000000
0.999957 0.009059 0.002113 0.000000 -0.009184 0.997540 0.069489 9.100000 -0.001479 -0.069506 0.997580 -1.373400 0.000000 0.000000 0.000000 1.000000
0.999957 0.008972 0.002308 -0.000000 -0.009110 0.997564 0.069153 9.100000 -0.001682 -0.069171 0.997603 -1.373400 0.000000 0.000000 0.000000 1.000000
0.999959 0.008683 0.002533 0.000000 -0.008836 0.997595 0.068742 9.100000 -0.001930 -0.068762 0.997631 -1.373400 0.000000 0.000000 0.000000 1.000000
0.999960 0.008547 0.002707 0.000000 -0.008712 0.997624 0.068346 9.100000 -0.002116 -0.068367 0.997658 -1.373400 0.000000 0.000000 0.000000 1.000000
0.999958 0.008770 0.002717 0.000000 -0.008935 0.997647 0.067978 9.100000 -0.002114 -0.068000 0.997683 -1.373400 0.000000 0.000000 0.000000 1.000000
0.999954 0.009213 0.002532 0.000000 -0.009363 0.997665 0.067659 9.100000 -0.001903 -0.067679 0.997705 -1.373400 0.000000 0.000000 0.000000 1.000000
0.999952 0.009522 0.002229 -0.000000 -0.009651 0.997673 0.067496 9.100000 -0.001581 -0.067514 0.997717 -1.373400 0.000000 0.000000 0.000000 1.000000
0.999953 0.009459 0.001910 -0.000000 -0.009567 0.997662 0.067669 9.100000 -0.001266 -0.067684 0.997706 -1.373400 0.000000 0.000000 0.000000 1.000000
0.999958 0.009051 0.001604 0.000000 -0.009139 0.997624 0.068290 9.100000 -0.000982 -0.068302 0.997664 -1.373400 0.000000 0.000000 0.000000 1.000000
0.999963 0.008457 0.001250 0.000000 -0.008523 0.997560 0.069289 9.100000 -0.000661 -0.069298 0.997596 -1.373400 0.000000 0.000000 0.000000 1.000000
0.999969 0.007784 0.000791 0.000000 -0.007821 0.997486 0.070431 9.100000 -0.000241 -0.070435 0.997516 -1.373400 0.000000 0.000000 0.000000 1.000000
