<?xml version="1.0" encoding="utf-8"?>
<COLLADA xmlns="http://www.collada.org/2005/11/COLLADASchema" version="1.4.1">
  <asset>
    <contributor>
      <author>Mixamo</author>
      <authoring_tool>COLLADA Mixamo exporter</authoring_tool>
      <comments/>
    </contributor>
    <created>2021-11-11T20:28:09Z</created>
    <modified>2021-11-11T20:28:09Z</modified>
    <revision/>
    <title/>
    <unit meter="0.010000"/>
    <up_axis>Y_UP</up_axis>
  </asset>
  <library_animations>
    <animation id="mixamorig_Hips-anim" name="mixamorig_Hips">
      <source id="mixamorig_Hips-Matrix-animation-input">
        <float_array id="mixamorig_Hips-Matrix-animation-input-array" count="222">

0.000000 0.033333 0.066667 0.100000 0.133333 0.166667 0.200000 0.233333 0.266667 0.300000 0.333333 0.366667 0.400000 0.433333 0.466667 0.500000
0.533333 0.566667 0.600000 0.633333 0.666667 0.700000 0.733333 0.766667 0.800000 0.833333 0.866667 0.900000 0.933333 0.966667 1.000000 1.033333
1.066667 1.100000 1.133333 1.166667 1.200000 1.233333 1.266667 1.300000 1.333333 1.366667 1.400000 1.433333 1.466667 1.500000 1.533333 1.566667
1.600000 1.633333 1.666667 1.700000 1.733333 1.766667 1.800000 1.833333 1.866667 1.900000 1.933333 1.966667 2.000000 2.033333 2.066667 2.100000
2.133333 2.166667 2.200000 2.233333 2.266667 2.300000 2.333333 2.366667 2.400000 2.433333 2.466667 2.500000 2.533333 2.566667 2.600000 2.633333
2.666667 2.700000 2.733333 2.766667 2.800000 2.833333 2.866667 2.900000 2.933333 2.966667 3.000000 3.033333 3.066667 3.100000 3.133333 3.166667
3.200000 3.233333 3.266667 3.300000 3.333333 3.366667 3.400000 3.433333 3.466667 3.500000 3.533333 3.566667 3.600000 3.633333 3.666667 3.700000
3.733333 3.766667 3.800000 3.833333 3.866667 3.900000 3.933333 3.966667 4.000000 4.033333 4.066667 4.100000 4.133333 4.166667 4.200000 4.233333
4.266667 4.300000 4.333333 4.366667 4.400000 4.433333 4.466667 4.500000 4.533333 4.566667 4.600000 4.633333 4.666667 4.700000 4.733333 4.766667
4.800000 4.833333 4.866667 4.900000 4.933333 4.966667 5.000000 5.033333 5.066667 5.100000 5.133333 5.166667 5.200000 5.233333 5.266667 5.300000
5.333333 5.366667 5.400000 5.433333 5.466667 5.500000 5.533333 5.566667 5.600000 5.633333 5.666667 5.700000 5.733333 5.766667 5.800000 5.833333
5.866667 5.900000 5.933333 5.966667 6.000000 6.033333 6.066667 6.100000 6.133333 6.166667 6.200000 6.233333 6.266667 6.300000 6.333333 6.366667
6.400000 6.433333 6.466667 6.500000 6.533333 6.566667 6.600000 6.633333 6.666667 6.700000 6.733333 6.766667 6.800000 6.833333 6.866667 6.900000
6.933333 6.966667 7.000000 7.033333 7.066667 7.100000 7.133333 7.166667 7.200000 7.233333 7.266667 7.300000 7.333333 7.366667</float_array>
        <technique_common>
          <accessor source="#mixamorig_Hips-Matrix-animation-input-array" count="222">
            <param name="TIME" type="float"/>
          </accessor>
        </technique_common>
      </source>
      <source id="mixamorig_Hips-Matrix-animation-output-transform">
        <float_array id="mixamorig_Hips-Matrix-animation-output-transform-array" count="3552">

0.979217 0.071153 0.189922 0.662218 -0.121783 0.955106 0.270075 100.771965 -0.162179 -0.287592 0.943922 0.537128 0.000000 0.000000 0.000000 1.000000
0.979251 0.069274 0.190446 0.688864 -0.120214 0.955127 0.270704 100.792526 -0.163147 -0.287982 0.943636 0.617122 0.000000 0.000000 0.000000 1.000000
0.979341 0.067310 0.190686 0.719500 -0.118552 0.955037 0.271753 100.821281 -0.163820 -0.288745 0.943286 0.724735 0.000000 0.000000 0.000000 1.000000
0.979508 0.065371 0.190500 0.755937 -0.116886 0.954782 0.273365 100.858337 -0.164016 -0.290030 0.942858 0.864508 0.000000 0.000000 0.000000 1.000000
0.979761 0.063549 0.189818 0.798292 -0.115283 0.954352 0.275538 100.899834 -0.163643 -0.291844 0.942363 1.035549 0.000000 0.000000 0.000000 1.000000
0.980097 0.061844 0.188641 0.844370 -0.113714 0.953792 0.278118 100.939384 -0.162724 -0.294033 0.941841 1.230537 0.000000 0.000000 0.000000 1.000000
0.980511 0.060203 0.187012 0.891414 -0.112093 0.953180 0.280862 100.973343 -0.161347 -0.296351 0.941352 1.439148 0.000000 0.000000 0.000000 1.000000
0.980989 0.058646 0.184991 0.937746 -0.110393 0.952626 0.283403 101.003235 -0.159606 -0.298437 0.940990 1.650278 0.000000 0.000000 0.000000 1.000000
0.981523 0.057333 0.182553 0.982765 -0.108679 0.952271 0.285253 101.033882 -0.157485 -0.299822 0.940907 1.854656 0.000000 0.000000 0.000000 1.000000
0.982131 0.056468 0.179526 1.026804 -0.107031 0.952226 0.286024 101.068825 -0.154799 -0.300129 0.941255 2.048021 0.000000 0.000000 0.000000 1.000000
0.982834 0.056086 0.175761 1.070976 -0.105445 0.952503 0.285690 101.107803 -0.151389 -0.299319 0.942067 2.232367 0.000000 0.000000 0.000000 1.000000
0.983610 0.056007 0.171387 1.115769 -0.103853 0.953007 0.284590 101.148468 -0.147394 -0.297725 0.943205 2.412738 0.000000 0.000000 0.000000 1.000000
0.984391 0.056001 0.166847 1.158984 -0.102244 0.953606 0.283164 101.189453 -0.143249 -0.295803 0.944447 2.591500 0.000000 0.000000 0.000000 1.000000
0.985095 0.055986 0.162647 1.196339 -0.100738 0.954206 0.281678 101.230003 -0.139429 -0.293864 0.945623 2.765665 0.000000 0.000000 0.000000 1.000000
0.985672 0.056019 0.159098 1.224922 -0.099487 0.954777 0.280183 101.267906 -0.136207 -0.291997 0.946671 2.930033 0.000000 0.000000 0.000000 1.000000
0.986119 0.056130 0.156263 1.245754 -0.098541 0.955308 0.278704 101.299927 -0.133636 -0.290234 0.947579 3.082499 0.000000 0.000000 0.000000 1.000000
0.986452 0.056246 0.154104 1.262784 -0.097840 0.955743 0.277457 101.324890 -0.131678 -0.288775 0.948298 3.225662 0.000000 0.000000 0.000000 1.000000
0.986687 0.056250 0.152591 1.279492 -0.097304 0.955994 0.276780 101.344841 -0.130307 -0.287943 0.948741 3.363067 0.000000 0.000000 0.000000 1.000000
0.986843 0.056082 0.151640 1.296595 -0.096861 0.956042 0.276771 101.362564 -0.129453 -0.287818 0.948896 3.494452 0.000000 0.000000 0.000000 1.000000
0.986956 0.055798 0.151011 1.313459 -0.096442 0.955997 0.277071 101.378838 -0.128906 -0.288021 0.948908 3.616004 0.000000 0.000000 0.000000 1.000000
0.987073 0.055496 0.150356 1.330466 -0.095969 0.956019 0.277162 101.393349 -0.128362 -0.288008 0.948986 3.725518 0.000000 0.000000 0.000000 1.000000
0.987227 0.055226 0.149442 1.349343 -0.095395 0.956170 0.276835 101.406876 -0.127604 -0.287555 0.949226 3.824898 0.000000 0.000000 0.000000 1.000000
0.987407 0.054995 0.148331 1.371070 -0.094770 0.956395 0.276273 101.420570 -0.126670 -0.286852 0.949564 3.916756 0.000000 0.000000 0.000000 1.000000
0.987570 0.054810 0.147312 1.394638 -0.094220 0.956608 0.275722 101.434479 -0.125808 -0.286175 0.949882 4.001795 0.000000 0.000000 0.000000 1.000000
0.987674 0.054665 0.146666 1.418243 -0.093830 0.956780 0.275260 101.448334 -0.125280 -0.285629 0.950116 4.080902 0.000000 0.000000 0.000000 1.000000
0.987712 0.054477 0.146486 1.440392 -0.093547 0.956915 0.274886 101.462273 -0.125200 -0.285212 0.950252 4.156060 0.000000 0.000000 0.000000 1.000000
0.987699 0.054111 0.146705 1.459117 -0.093232 0.956996 0.274712 101.475792 -0.125531 -0.285011 0.950269 4.226611 0.000000 0.000000 0.000000 1.000000
0.987651 0.053508 0.147253 1.471677 -0.092836 0.956973 0.274926 101.486061 -0.126206 -0.285201 0.950122 4.286629 0.000000 0.000000 0.000000 1.000000
0.987555 0.052778 0.148156 1.476507 -0.092477 0.956824 0.275565 101.489479 -0.127215 -0.285837 0.949797 4.328590 0.000000 0.000000 0.000000 1.000000
0.987392 0.052124 0.149467 1.475082 -0.092337 0.956600 0.276387 101.485527 -0.128574 -0.286704 0.949352 4.349686 0.000000 0.000000 0.000000 1.000000
0.987166 0.051711 0.151092 1.470840 -0.092492 0.956418 0.276965 101.478668 -0.130185 -0.287386 0.948926 4.353621 0.000000 0.000000 0.000000 1.000000
0.986922 0.051665 0.152691 1.465826 -0.092908 0.956396 0.276902 101.474304 -0.131727 -0.287467 0.948689 4.346267 0.000000 0.000000 0.000000 1.000000
0.986731 0.052118 0.153771 1.458641 -0.093540 0.956591 0.276013 101.473442 -0.132711 -0.286734 0.948774 4.330346 0.000000 0.000000 0.000000 1.000000
0.986647 0.053105 0.153975 1.446375 -0.094333 0.956973 0.274416 101.472740 -0.132777 -0.285276 0.949204 4.305125 0.000000 0.000000 0.000000 1.000000
0.986667 0.054430 0.153384 1.428373 -0.095172 0.957453 0.272444 101.469788 -0.132029 -0.283409 0.949867 4.270948 0.000000 0.000000 0.000000 1.000000
0.986724 0.055785 0.152523 1.406641 -0.095956 0.957954 0.270402 101.466927 -0.131025 -0.281448 0.950589 4.233073 0.000000 0.000000 0.000000 1.000000
0.986735 0.057049 0.151984 1.381827 -0.096757 0.958429 0.268424 101.467712 -0.130352 -0.279569 0.951236 4.199474 0.000000 0.000000 0.000000 1.000000
0.986652 0.058361 0.152028 1.350477 -0.097798 0.958826 0.266624 101.470139 -0.130208 -0.277933 0.951735 4.172864 0.000000 0.000000 0.000000 1.000000
0.986480 0.059904 0.152542 1.307380 -0.099262 0.959044 0.265297 101.465294 -0.130402 -0.276851 0.952023 4.145646 0.000000 0.000000 0.000000 1.000000
0.986250 0.061708 0.153306 1.249954 -0.101161 0.958987 0.264784 101.445206 -0.130679 -0.276651 0.952044 4.106652 0.000000 0.000000 0.000000 1.000000
0.985981 0.063677 0.154229 1.180473 -0.103380 0.958662 0.265102 101.411171 -0.130973 -0.277330 0.951806 4.054476 0.000000 0.000000 0.000000 1.000000
0.985679 0.065678 0.155314 1.104532 -0.105733 0.958207 0.265820 101.372849 -0.131364 -0.278435 0.951429 4.000200 0.000000 0.000000 0.000000 1.000000
0.985373 0.067512 0.156466 1.026355 -0.107927 0.957796 0.266420 101.341019 -0.131876 -0.279410 0.951072 3.954668 0.000000 0.000000 0.000000 1.000000
0.985103 0.069055 0.157490 0.948030 -0.109766 0.957493 0.266754 101.316818 -0.132375 -0.280067 0.950810 3.916126 0.000000 0.000000 0.000000 1.000000
0.984895 0.070304 0.158237 0.869456 -0.111240 0.957232 0.267083 101.294228 -0.132693 -0.280651 0.950593 3.872997 0.000000 0.000000 0.000000 1.000000
0.984731 0.071349 0.158787 0.790133 -0.112497 0.956917 0.267683 101.267838 -0.132847 -0.281459 0.950333 3.815942 0.000000 0.000000 0.000000 1.000000
0.984549 0.072289 0.159489 0.710708 -0.113732 0.956531 0.268538 101.237717 -0.133144 -0.282528 0.949974 3.744773 0.000000 0.000000 0.000000 1.000000
0.984273 0.073173 0.160786 0.633322 -0.115088 0.956126 0.269401 101.207848 -0.134019 -0.283669 0.949511 3.664820 0.000000 0.000000 0.000000 1.000000
0.983866 0.073995 0.162887 0.560663 -0.116593 0.955756 0.270069 101.181183 -0.135696 -0.284703 0.948963 3.579094 0.000000 0.000000 0.000000 1.000000
0.983360 0.074748 0.165577 0.493682 -0.118178 0.955429 0.270534 101.156433 -0.137975 -0.285600 0.948365 3.485060 0.000000 0.000000 0.000000 1.000000
0.982831 0.075450 0.168377 0.430542 -0.119736 0.955127 0.270917 101.130638 -0.140381 -0.286426 0.947762 3.378065 0.000000 0.000000 0.000000 1.000000
0.982341 0.076103 0.170924 0.369464 -0.121171 0.954850 0.271255 101.103401 -0.142563 -0.287176 0.947209 3.256609 0.000000 0.000000 0.000000 1.000000
0.981901 0.076635 0.173196 0.312371 -0.122377 0.954661 0.271377 101.077347 -0.144547 -0.287660 0.946762 3.124712 0.000000 0.000000 0.000000 1.000000
0.981486 0.076939 0.175403 0.263469 -0.123270 0.954648 0.271021 101.054779 -0.146596 -0.287625 0.946457 2.990642 0.000000 0.000000 0.000000 1.000000
0.981065 0.076980 0.177725 0.224928 -0.123860 0.954817 0.270154 101.036079 -0.148899 -0.287052 0.946272 2.863293 0.000000 0.000000 0.000000 1.000000
0.980636 0.076783 0.180158 0.196056 -0.124225 0.955057 0.269137 101.020943 -0.151396 -0.286306 0.946102 2.748030 0.000000 0.000000 0.000000 1.000000
0.980230 0.076332 0.182545 0.176163 -0.124387 0.955212 0.268511 101.009247 -0.153873 -0.285909 0.945822 2.644511 0.000000 0.000000 0.000000 1.000000
0.979877 0.075565 0.184745 0.165469 -0.124300 0.955205 0.268577 100.999474 -0.156174 -0.286136 0.945376 2.548210 0.000000 0.000000 0.000000 1.000000
0.979583 0.074512 0.186720 0.163205 -0.123965 0.955064 0.269232 100.988098 -0.158268 -0.286882 0.944802 2.453918 0.000000 0.000000 0.000000 1.000000
0.979341 0.073338 0.188448 0.167013 -0.123490 0.954863 0.270160 100.972305 -0.160129 -0.287850 0.944193 2.358798 0.000000 0.000000 0.000000 1.000000
0.979148 0.072219 0.189880 0.175483 -0.122980 0.954671 0.271069 100.952637 -0.161697 -0.288768 0.943646 2.264300 0.000000 0.000000 0.000000 1.000000
0.979000 0.071178 0.191032 0.190388 -0.122434 0.954537 0.271788 100.933464 -0.163002 -0.289470 0.943206 2.175752 0.000000 0.000000 0.000000 1.000000
0.978885 0.070118 0.192009 0.214685 -0.121787 0.954464 0.272335 100.920013 -0.164170 -0.289969 0.942850 2.097922 0.000000 0.000000 0.000000 1.000000
0.978791 0.069000 0.192890 0.247764 -0.121058 0.954398 0.272890 100.914200 -0.165264 -0.290453 0.942510 2.029406 0.000000 0.000000 0.000000 1.000000
0.978712 0.067929 0.193674 0.284046 -0.120373 0.954285 0.273590 100.912231 -0.166235 -0.291078 0.942146 1.962371 0.000000 0.000000 0.000000 1.000000
0.978641 0.067027 0.194342 0.317677 -0.119826 0.954140 0.274331 100.907921 -0.167042 -0.291759 0.941793 1.888872 0.000000 0.000000 0.000000 1.000000
0.978584 0.066318 0.194874 0.347090 -0.119385 0.954051 0.274833 100.898140 -0.167693 -0.292212 0.941537 1.807004 0.000000 0.000000 0.000000 1.000000
0.978555 0.065795 0.195194 0.374097 -0.118981 0.954088 0.274882 100.885139 -0.168146 -0.292212 0.941456 1.721044 0.000000 0.000000 0.000000 1.000000
0.978569 0.065507 0.195220 0.400241 -0.118641 0.954238 0.274506 100.873856 -0.168305 -0.291784 0.941560 1.636981 0.000000 0.000000 0.000000 1.000000
0.978613 0.065503 0.195000 0.425581 -0.118461 0.954437 0.273894 100.867531 -0.168175 -0.291136 0.941784 1.558741 0.000000 0.000000 0.000000 1.000000
0.978656 0.065744 0.194704 0.449782 -0.118485 0.954630 0.273208 100.865829 -0.167908 -0.290446 0.942045 1.488161 0.000000 0.000000 0.000000 1.000000
0.978681 0.066112 0.194453 0.473073 -0.118649 0.954802 0.272537 100.866539 -0.167646 -0.289798 0.942291 1.427392 0.000000 0.000000 0.000000 1.000000
0.978697 0.066467 0.194253 0.496505 -0.118842 0.954927 0.272012 100.868500 -0.167417 -0.289303 0.942484 1.380241 0.000000 0.000000 0.000000 1.000000
0.978719 0.066659 0.194075 0.521704 -0.118946 0.954963 0.271842 100.872856 -0.167214 -0.289141 0.942569 1.350904 0.000000 0.000000 0.000000 1.000000
0.978766 0.066550 0.193876 0.549505 -0.118833 0.954892 0.272140 100.881401 -0.167020 -0.289400 0.942524 1.342090 0.000000 0.000000 0.000000 1.000000
0.978875 0.066084 0.193486 0.578810 -0.118381 0.954755 0.272818 100.894478 -0.166702 -0.289959 0.942409 1.355057 0.000000 0.000000 0.000000 1.000000
0.979100 0.065325 0.192604 0.607654 -0.117539 0.954595 0.273739 100.911697 -0.165977 -0.290656 0.942322 1.390981 0.000000 0.000000 0.000000 1.000000
0.979475 0.064390 0.191007 0.634796 -0.116355 0.954398 0.274930 100.933136 -0.164594 -0.291512 0.942300 1.450643 0.000000 0.000000 0.000000 1.000000
0.979979 0.063336 0.188756 0.659793 -0.114932 0.954099 0.276559 100.958290 -0.162576 -0.292717 0.942277 1.532286 0.000000 0.000000 0.000000 1.000000
0.980540 0.062122 0.186231 0.682387 -0.113352 0.953666 0.278696 100.984039 -0.160289 -0.294383 0.942150 1.631501 0.000000 0.000000 0.000000 1.000000
0.981053 0.060695 0.183986 0.703667 -0.111697 0.953137 0.281163 101.006241 -0.158299 -0.296387 0.941858 1.745708 0.000000 0.000000 0.000000 1.000000
0.981423 0.059085 0.182533 0.727710 -0.110107 0.952581 0.283664 101.024223 -0.157118 -0.298492 0.941391 1.878576 0.000000 0.000000 0.000000 1.000000
0.981601 0.057407 0.182109 0.759458 -0.108738 0.952039 0.286002 101.041740 -0.156957 -0.300542 0.940765 2.036054 0.000000 0.000000 0.000000 1.000000
0.981621 0.055797 0.182505 0.799111 -0.107649 0.951533 0.288091 101.062485 -0.157585 -0.302442 0.940051 2.214959 0.000000 0.000000 0.000000 1.000000
0.981580 0.054370 0.183152 0.840181 -0.106754 0.951119 0.289785 101.086784 -0.158444 -0.304000 0.939404 2.398558 0.000000 0.000000 0.000000 1.000000
0.981586 0.053211 0.183460 0.875124 -0.105908 0.950886 0.290858 101.113388 -0.158972 -0.304932 0.939012 2.568440 0.000000 0.000000 0.000000 1.000000
0.981699 0.052360 0.183099 0.901761 -0.105027 0.950881 0.291196 101.142174 -0.158858 -0.305097 0.938978 2.719688 0.000000 0.000000 0.000000 1.000000
0.981929 0.051791 0.182024 0.922969 -0.104099 0.951055 0.290958 101.172729 -0.158045 -0.304649 0.939261 2.860338 0.000000 0.000000 0.000000 1.000000
0.982256 0.051423 0.180355 0.941939 -0.103138 0.951308 0.290476 101.202736 -0.156636 -0.303923 0.939732 2.997408 0.000000 0.000000 0.000000 1.000000
0.982641 0.051155 0.178327 0.959842 -0.102165 0.951558 0.290000 101.228844 -0.154853 -0.303185 0.940266 3.128484 0.000000 0.000000 0.000000 1.000000
0.983025 0.050923 0.176261 0.977186 -0.101230 0.951781 0.289594 101.249756 -0.153015 -0.302521 0.940780 3.247613 0.000000 0.000000 0.000000 1.000000
0.983355 0.050717 0.174475 0.995394 -0.100413 0.951985 0.289210 101.266632 -0.151430 -0.301915 0.941231 3.355095 0.000000 0.000000 0.000000 1.000000
0.983600 0.050548 0.173133 1.016089 -0.099762 0.952189 0.288763 101.282104 -0.150259 -0.301300 0.941616 3.458069 0.000000 0.000000 0.000000 1.000000
0.983777 0.050426 0.172161 1.039656 -0.099239 0.952441 0.288109 101.298721 -0.149445 -0.300521 0.941994 3.562133 0.000000 0.000000 0.000000 1.000000
0.983931 0.050374 0.171298 1.065262 -0.098759 0.952803 0.287078 101.317581 -0.148752 -0.299382 0.942467 3.665502 0.000000 0.000000 0.000000 1.000000
0.984108 0.050421 0.170260 1.092307 -0.098256 0.953294 0.285617 101.338501 -0.147907 -0.297807 0.943098 3.763198 0.000000 0.000000 0.000000 1.000000
0.984334 0.050581 0.168905 1.121171 -0.097724 0.953872 0.283863 101.360939 -0.146756 -0.295922 0.943871 3.854872 0.000000 0.000000 0.000000 1.000000
0.984602 0.050811 0.167261 1.151948 -0.097171 0.954464 0.282057 101.384949 -0.145313 -0.293966 0.944705 3.945148 0.000000 0.000000 0.000000 1.000000
0.984899 0.051020 0.165440 1.183495 -0.096578 0.955001 0.280439 101.409996 -0.143688 -0.292182 0.945507 4.036969 0.000000 0.000000 0.000000 1.000000
0.985208 0.051117 0.163561 1.214533 -0.095920 0.955436 0.279178 101.433876 -0.142001 -0.290737 0.946207 4.128044 0.000000 0.000000 0.000000 1.000000
0.985510 0.051099 0.161740 1.244852 -0.095228 0.955768 0.278281 101.453644 -0.140366 -0.289650 0.946784 4.214913 0.000000 0.000000 0.000000 1.000000
0.985784 0.051055 0.160071 1.274768 -0.094586 0.956038 0.277569 101.468704 -0.138863 -0.288763 0.947277 4.298236 0.000000 0.000000 0.000000 1.000000
0.986028 0.051076 0.158556 1.303914 -0.094051 0.956305 0.276829 101.481842 -0.137488 -0.287873 0.947748 4.382172 0.000000 0.000000 0.000000 1.000000
0.986257 0.051169 0.157094 1.331403 -0.093594 0.956586 0.276014 101.496262 -0.136151 -0.286924 0.948229 4.468693 0.000000 0.000000 0.000000 1.000000
0.986487 0.051279 0.155611 1.356504 -0.093160 0.956843 0.275270 101.512444 -0.134780 -0.286047 0.948689 4.554114 0.000000 0.000000 0.000000 1.000000
0.986699 0.051377 0.154228 1.378302 -0.092777 0.957031 0.274744 101.527908 -0.133485 -0.285398 0.949068 4.632229 0.000000 0.000000 0.000000 1.000000
0.986844 0.051508 0.153249 1.395301 -0.092570 0.957150 0.274397 101.539978 -0.132549 -0.284974 0.949326 4.699875 0.000000 0.000000 0.000000 1.000000
0.986887 0.051729 0.152901 1.406595 -0.092628 0.957257 0.274006 101.547859 -0.132192 -0.284576 0.949496 4.758016 0.000000 0.000000 0.000000 1.000000
0.986844 0.052030 0.153073 1.413416 -0.092881 0.957416 0.273364 101.552765 -0.132332 -0.283986 0.949653 4.808335 0.000000 0.000000 0.000000 1.000000
0.986780 0.052353 0.153375 1.418234 -0.093156 0.957646 0.272462 101.556786 -0.132615 -0.283148 0.949863 4.850698 0.000000 0.000000 0.000000 1.000000
0.986752 0.052699 0.153439 1.422003 -0.093366 0.957919 0.271430 101.561775 -0.132678 -0.282160 0.950149 4.884527 0.000000 0.000000 0.000000 1.000000
0.986770 0.053196 0.153152 1.423427 -0.093618 0.958194 0.270370 101.568954 -0.132366 -0.281131 0.950497 4.911268 0.000000 0.000000 0.000000 1.000000
0.986811 0.054021 0.152598 1.421360 -0.094112 0.958447 0.269301 101.577881 -0.131709 -0.280111 0.950889 4.934161 0.000000 0.000000 0.000000 1.000000
0.986860 0.055254 0.151837 1.416428 -0.094949 0.958656 0.268259 101.585960 -0.130738 -0.279151 0.951306 4.955463 0.000000 0.000000 0.000000 1.000000
0.986924 0.056798 0.150850 1.409697 -0.096048 0.958791 0.267383 101.589767 -0.129447 -0.278376 0.951709 4.974309 0.000000 0.000000 0.000000 1.000000
0.986996 0.058398 0.149761 1.400772 -0.097225 0.958814 0.266878 101.587883 -0.128008 -0.277968 0.952023 4.987152 0.000000 0.000000 0.000000 1.000000
0.987025 0.059757 0.149034 1.388041 -0.098337 0.958705 0.266861 101.581039 -0.126933 -0.278054 0.952142 4.990256 0.000000 0.000000 0.000000 1.000000
0.986936 0.060669 0.149251 1.370399 -0.099337 0.958492 0.267255 101.570084 -0.126841 -0.278589 0.951998 4.982513 0.000000 0.000000 0.000000 1.000000
0.986700 0.061113 0.150627 1.348514 -0.100235 0.958241 0.267819 101.555725 -0.127969 -0.279355 0.951622 4.966633 0.000000 0.000000 0.000000 1.000000
0.986363 0.061251 0.152765 1.324054 -0.101050 0.958011 0.268335 101.539841 -0.129914 -0.280113 0.951136 4.946941 0.000000 0.000000 0.000000 1.000000
0.986017 0.061327 0.154949 1.297165 -0.101810 0.957807 0.268778 101.524567 -0.131928 -0.280795 0.950657 4.924675 0.000000 0.000000 0.000000 1.000000
0.985728 0.061532 0.156697 1.265517 -0.102588 0.957569 0.269328 101.509369 -0.133476 -0.281559 0.950215 4.895036 0.000000 0.000000 0.000000 1.000000
0.985491 0.061953 0.158019 1.226766 -0.103496 0.957236 0.270163 101.491028 -0.134524 -0.282598 0.949759 4.850475 0.000000 0.000000 0.000000 1.000000
0.985265 0.062607 0.159167 1.181243 -0.104613 0.956818 0.271212 101.467896 -0.135314 -0.283866 0.949268 4.788473 0.000000 0.000000 0.000000 1.000000
0.985034 0.063485 0.160241 1.130959 -0.105915 0.956404 0.272163 101.442627 -0.135977 -0.285062 0.948815 4.715075 0.000000 0.000000 0.000000 1.000000
0.984823 0.064531 0.161121 1.076766 -0.107279 0.956069 0.272807 101.419548 -0.136438 -0.285952 0.948481 4.638587 0.000000 0.000000 0.000000 1.000000
0.984652 0.065614 0.161728 1.018465 -0.108574 0.955791 0.273268 101.399490 -0.136648 -0.286634 0.948245 4.560507 0.000000 0.000000 0.000000 1.000000
0.984501 0.066591 0.162246 0.957269 -0.109755 0.955498 0.273821 101.379158 -0.136792 -0.287384 0.947997 4.474785 0.000000 0.000000 0.000000 1.000000
0.984313 0.067390 0.163051 0.896844 -0.110871 0.955163 0.274537 101.354553 -0.137239 -0.288308 0.947652 4.374968 0.000000 0.000000 0.000000 1.000000
0.984039 0.067979 0.164459 0.841374 -0.111955 0.954846 0.275198 101.325867 -0.138325 -0.289218 0.947217 4.259256 0.000000 0.000000 0.000000 1.000000
0.983668 0.068340 0.166516 0.793910 -0.112962 0.954638 0.275510 101.297546 -0.140134 -0.289820 0.946766 4.129222 0.000000 0.000000 0.000000 1.000000
0.983236 0.068518 0.168976 0.755084 -0.113839 0.954586 0.275330 101.273857 -0.142437 -0.289950 0.946383 3.987297 0.000000 0.000000 0.000000 1.000000
0.982792 0.068618 0.171498 0.722410 -0.114594 0.954670 0.274726 101.255005 -0.144873 -0.289651 0.946105 3.836298 0.000000 0.000000 0.000000 1.000000
0.982358 0.068719 0.173928 0.692030 -0.115282 0.954833 0.273868 101.237129 -0.147252 -0.289087 0.945910 3.678818 0.000000 0.000000 0.000000 1.000000
0.981921 0.068796 0.176347 0.662642 -0.115928 0.955023 0.272930 101.216270 -0.149639 -0.288439 0.945733 3.516469 0.000000 0.000000 0.000000 1.000000
0.981471 0.068732 0.178859 0.637187 -0.116475 0.955200 0.272080 101.191765 -0.152145 -0.287871 0.945506 3.350928 0.000000 0.000000 0.000000 1.000000
0.981029 0.068416 0.181388 0.619836 -0.116815 0.955335 0.271458 101.166069 -0.154714 -0.287497 0.945203 3.185421 0.000000 0.000000 0.000000 1.000000
0.980640 0.067864 0.183682 0.611385 -0.116895 0.955432 0.271083 101.141968 -0.157099 -0.287307 0.944868 3.023751 0.000000 0.000000 0.000000 1.000000
0.980354 0.067262 0.185424 0.609203 -0.116776 0.955529 0.270791 101.120712 -0.158964 -0.287124 0.944611 2.868649 0.000000 0.000000 0.000000 1.000000
0.980206 0.066809 0.186369 0.612350 -0.116551 0.955663 0.270413 101.102966 -0.160040 -0.286782 0.944533 2.722680 0.000000 0.000000 0.000000 1.000000
0.980199 0.066500 0.186517 0.624580 -0.116228 0.955812 0.270029 101.090309 -0.160318 -0.286360 0.944614 2.589741 0.000000 0.000000 0.000000 1.000000
0.980285 0.066166 0.186179 0.649626 -0.115781 0.955901 0.269903 101.083717 -0.160111 -0.286138 0.944717 2.472903 0.000000 0.000000 0.000000 1.000000
0.980388 0.065725 0.185794 0.685097 -0.115277 0.955896 0.270136 101.080856 -0.159845 -0.286255 0.944726 2.370469 0.000000 0.000000 0.000000 1.000000
0.980446 0.065245 0.185656 0.724746 -0.114833 0.955842 0.270518 101.077332 -0.159808 -0.286548 0.944644 2.277118 0.000000 0.000000 0.000000 1.000000
0.980450 0.064761 0.185806 0.765906 -0.114450 0.955813 0.270780 101.071655 -0.160060 -0.286752 0.944539 2.190329 0.000000 0.000000 0.000000 1.000000
0.980435 0.064171 0.186091 0.810596 -0.113971 0.955852 0.270848 101.066666 -0.160495 -0.286757 0.944464 2.113194 0.000000 0.000000 0.000000 1.000000
0.980443 0.063372 0.186322 0.860300 -0.113257 0.955941 0.270832 101.065643 -0.160950 -0.286637 0.944423 2.049500 0.000000 0.000000 0.000000 1.000000
0.980487 0.062374 0.186426 0.913328 -0.112333 0.956019 0.270942 101.068268 -0.161327 -0.286596 0.944371 1.999641 0.000000 0.000000 0.000000 1.000000
0.980548 0.061253 0.186478 0.967564 -0.111338 0.956000 0.271419 101.072128 -0.161648 -0.286901 0.944223 1.963708 0.000000 0.000000 0.000000 1.000000
0.980602 0.060061 0.186582 1.022070 -0.110374 0.955834 0.272394 101.076393 -0.161981 -0.287704 0.943922 1.944776 0.000000 0.000000 0.000000 1.000000
0.980642 0.058823 0.186764 1.074494 -0.109448 0.955563 0.273716 101.082367 -0.162364 -0.288859 0.943503 1.945889 0.000000 0.000000 0.000000 1.000000
0.980665 0.057590 0.187027 1.119694 -0.108550 0.955290 0.275023 101.091156 -0.162826 -0.290007 0.943071 1.967190 0.000000 0.000000 0.000000 1.000000
0.980661 0.056425 0.187404 1.153122 -0.107709 0.955085 0.276064 101.102554 -0.163410 -0.290910 0.942692 2.009467 0.000000 0.000000 0.000000 1.000000
0.980629 0.055357 0.187892 1.174563 -0.106968 0.954915 0.276938 101.115883 -0.164090 -0.291671 0.942339 2.077746 0.000000 0.000000 0.000000 1.000000
0.980595 0.054362 0.188356 1.186988 -0.106320 0.954686 0.277976 101.130905 -0.164709 -0.292608 0.941940 2.177055 0.000000 0.000000 0.000000 1.000000
0.980602 0.053404 0.188595 1.192213 -0.105712 0.954335 0.279409 101.147064 -0.165061 -0.293926 0.941468 2.305108 0.000000 0.000000 0.000000 1.000000
0.980679 0.052459 0.188460 1.190243 -0.105061 0.953887 0.281180 101.163071 -0.165019 -0.295547 0.940968 2.452165 0.000000 0.000000 0.000000 1.000000
0.980844 0.051466 0.187871 1.182951 -0.104242 0.953424 0.283047 101.177834 -0.164553 -0.297209 0.940526 2.608011 0.000000 0.000000 0.000000 1.000000
0.981112 0.050355 0.186772 1.176035 -0.103128 0.953028 0.284783 101.191437 -0.163659 -0.298665 0.940221 2.766932 0.000000 0.000000 0.000000 1.000000
0.981481 0.049139 0.185147 1.175606 -0.101699 0.952742 0.286252 101.205345 -0.162331 -0.299781 0.940096 2.926312 0.000000 0.000000 0.000000 1.000000
0.981929 0.047962 0.183073 1.183627 -0.100108 0.952570 0.287383 101.221107 -0.160606 -0.300517 0.940157 3.083839 0.000000 0.000000 0.000000 1.000000
0.982409 0.047004 0.180731 1.196949 -0.098583 0.952499 0.288144 101.239426 -0.158602 -0.300892 0.940377 3.237644 0.000000 0.000000 0.000000 1.000000
0.982872 0.046361 0.178362 1.210196 -0.097296 0.952500 0.288578 101.259552 -0.156511 -0.300989 0.940697 3.386402 0.000000 0.000000 0.000000 1.000000
0.983276 0.046020 0.176209 1.219105 -0.096332 0.952538 0.288777 101.279030 -0.154556 -0.300923 0.941041 3.526901 0.000000 0.000000 0.000000 1.000000
0.983588 0.045956 0.174477 1.221926 -0.095738 0.952590 0.288803 101.294510 -0.152933 -0.300768 0.941356 3.654249 0.000000 0.000000 0.000000 1.000000
0.983791 0.046144 0.173277 1.219098 -0.095524 0.952657 0.288650 101.304771 -0.151755 -0.300524 0.941624 3.767828 0.000000 0.000000 0.000000 1.000000
0.983891 0.046527 0.172611 1.213473 -0.095638 0.952743 0.288331 101.311722 -0.151039 -0.300194 0.941844 3.875487 0.000000 0.000000 0.000000 1.000000
0.983912 0.047003 0.172360 1.208823 -0.095949 0.952849 0.287877 101.319695 -0.150702 -0.299783 0.942029 3.988103 0.000000 0.000000 0.000000 1.000000
0.983900 0.047525 0.172284 1.206882 -0.096322 0.953016 0.287197 101.331764 -0.150540 -0.299168 0.942250 4.109234 0.000000 0.000000 0.000000 1.000000
0.983907 0.048139 0.172074 1.205800 -0.096673 0.953320 0.286070 101.346992 -0.150271 -0.298101 0.942632 4.232468 0.000000 0.000000 0.000000 1.000000
0.983973 0.048865 0.171491 1.202559 -0.096936 0.953786 0.284422 101.362160 -0.149667 -0.296487 0.943236 4.350516 0.000000 0.000000 0.000000 1.000000
0.984114 0.049577 0.170478 1.196677 -0.097030 0.954319 0.282597 101.375961 -0.148680 -0.294649 0.943968 4.464803 0.000000 0.000000 0.000000 1.000000
0.984307 0.050082 0.169208 1.190797 -0.096917 0.954742 0.281201 101.390030 -0.147467 -0.293187 0.944614 4.583000 0.000000 0.000000 0.000000 1.000000
0.984497 0.050318 0.168027 1.187450 -0.096706 0.954926 0.280650 101.405037 -0.146332 -0.292549 0.944988 4.707901 0.000000 0.000000 0.000000 1.000000
0.984618 0.050384 0.167298 1.186985 -0.096588 0.954866 0.280893 101.418236 -0.145595 -0.292732 0.945045 4.832515 0.000000 0.000000 0.000000 1.000000
0.984634 0.050394 0.167200 1.189475 -0.096666 0.954672 0.281527 101.426468 -0.145434 -0.293364 0.944874 4.947595 0.000000 0.000000 0.000000 1.000000
0.984566 0.050354 0.167612 1.196854 -0.096841 0.954484 0.282103 101.430954 -0.145778 -0.293981 0.944629 5.051140 0.000000 0.000000 0.000000 1.000000
0.984476 0.050237 0.168177 1.211233 -0.096930 0.954413 0.282313 101.436813 -0.146328 -0.294232 0.944466 5.147547 0.000000 0.000000 0.000000 1.000000
0.984431 0.050097 0.168482 1.231920 -0.096844 0.954503 0.282036 101.447548 -0.146687 -0.293962 0.944494 5.239352 0.000000 0.000000 0.000000 1.000000
0.984471 0.050019 0.168268 1.255993 -0.096597 0.954730 0.281352 101.461807 -0.146577 -0.293237 0.944736 5.324375 0.000000 0.000000 0.000000 1.000000
0.984590 0.049949 0.167594 1.281882 -0.096200 0.955011 0.280535 101.476654 -0.146041 -0.292335 0.945099 5.400877 0.000000 0.000000 0.000000 1.000000
0.984733 0.049715 0.166823 1.310077 -0.095647 0.955248 0.279916 101.491020 -0.145442 -0.291599 0.945419 5.470393 0.000000 0.000000 0.000000 1.000000
0.984834 0.049252 0.166364 1.339733 -0.095024 0.955381 0.279675 101.504807 -0.145166 -0.291242 0.945571 5.534299 0.000000 0.000000 0.000000 1.000000
0.984862 0.048729 0.166349 1.366720 -0.094522 0.955410 0.279745 101.517151 -0.145300 -0.291234 0.945553 5.591570 0.000000 0.000000 0.000000 1.000000
0.984842 0.048392 0.166564 1.386612 -0.094283 0.955390 0.279895 101.526993 -0.145589 -0.291357 0.945471 5.641346 0.000000 0.000000 0.000000 1.000000
0.984828 0.048342 0.166661 1.398248 -0.094269 0.955381 0.279928 101.534538 -0.145692 -0.291392 0.945444 5.683752 0.000000 0.000000 0.000000 1.000000
0.984862 0.048508 0.166413 1.402863 -0.094349 0.955386 0.279887 101.540230 -0.145412 -0.291351 0.945500 5.716596 0.000000 0.000000 0.000000 1.000000
0.984937 0.048820 0.165876 1.400563 -0.094517 0.955321 0.280052 101.543144 -0.144793 -0.291512 0.945545 5.734912 0.000000 0.000000 0.000000 1.000000
0.984992 0.049317 0.165403 1.389840 -0.094940 0.955117 0.280601 101.541023 -0.144141 -0.292093 0.945466 5.736303 0.000000 0.000000 0.000000 1.000000
0.984945 0.050040 0.165466 1.370262 -0.095768 0.954828 0.281304 101.532936 -0.143915 -0.292916 0.945245 5.724493 0.000000 0.000000 0.000000 1.000000
0.984763 0.050906 0.166284 1.343967 -0.096921 0.954581 0.281748 101.520615 -0.144389 -0.293571 0.944970 5.704947 0.000000 0.000000 0.000000 1.000000
0.984502 0.051735 0.167566 1.313560 -0.098132 0.954416 0.281887 101.506218 -0.145345 -0.293962 0.944702 5.678238 0.000000 0.000000 0.000000 1.000000
0.984268 0.052422 0.168725 1.279598 -0.099192 0.954224 0.282166 101.490868 -0.146210 -0.294463 0.944412 5.639833 0.000000 0.000000 0.000000 1.000000
0.984117 0.053039 0.169412 1.240646 -0.100124 0.953885 0.282981 101.474548 -0.146591 -0.295449 0.944045 5.584857 0.000000 0.000000 0.000000 1.000000
0.984012 0.053752 0.169797 1.195305 -0.101122 0.953415 0.284208 101.456726 -0.146611 -0.296835 0.943607 5.510479 0.000000 0.000000 0.000000 1.000000
0.983868 0.054669 0.170336 1.143761 -0.102354 0.952940 0.285356 101.435715 -0.146720 -0.298188 0.943164 5.415103 0.000000 0.000000 0.000000 1.000000
0.983626 0.055822 0.171356 1.087858 -0.103886 0.952577 0.286014 101.409927 -0.147264 -0.299133 0.942779 5.299146 0.000000 0.000000 0.000000 1.000000
0.983283 0.057241 0.172851 1.029959 -0.105721 0.952372 0.286026 101.380424 -0.148246 -0.299518 0.942503 5.166505 0.000000 0.000000 0.000000 1.000000
0.982878 0.058948 0.174572 0.972119 -0.107812 0.952316 0.285432 101.350914 -0.149422 -0.299365 0.942366 5.021908 0.000000 0.000000 0.000000 1.000000
0.982471 0.060786 0.176228 0.914927 -0.109947 0.952362 0.284460 101.326622 -0.150542 -0.298849 0.942351 4.866532 0.000000 0.000000 0.000000 1.000000
0.982100 0.062533 0.177677 0.860084 -0.111929 0.952423 0.283481 101.307838 -0.151497 -0.298294 0.942374 4.697948 0.000000 0.000000 0.000000 1.000000
0.981767 0.064010 0.178987 0.810563 -0.113651 0.952427 0.282784 101.289886 -0.152371 -0.297970 0.942336 4.514140 0.000000 0.000000 0.000000 1.000000
0.981443 0.065089 0.180370 0.769629 -0.115059 0.952374 0.282392 101.267670 -0.153400 -0.297905 0.942190 4.315285 0.000000 0.000000 0.000000 1.000000
0.981107 0.065659 0.181985 0.739367 -0.116081 0.952300 0.282222 101.239120 -0.154773 -0.298015 0.941930 4.101821 0.000000 0.000000 0.000000 1.000000
0.980778 0.065713 0.183729 0.719693 -0.116691 0.952186 0.282358 101.205734 -0.156390 -0.298370 0.941551 3.873341 0.000000 0.000000 0.000000 1.000000
0.980500 0.065422 0.185308 0.709194 -0.116997 0.951967 0.282968 101.170410 -0.157895 -0.299131 0.941058 3.631136 0.000000 0.000000 0.000000 1.000000
0.980282 0.065017 0.186600 0.706601 -0.117162 0.951666 0.283910 101.135490 -0.159122 -0.300175 0.940519 3.380370 0.000000 0.000000 0.000000 1.000000
0.980058 0.064627 0.187907 0.710707 -0.117309 0.951437 0.284616 101.102051 -0.160387 -0.300983 0.940045 3.127001 0.000000 0.000000 0.000000 1.000000
0.979746 0.064334 0.189630 0.719269 -0.117543 0.951437 0.284518 101.069992 -0.162117 -0.301045 0.939729 2.873420 0.000000 0.000000 0.000000 1.000000
0.979346 0.064247 0.191715 0.729917 -0.117941 0.951674 0.283562 101.038918 -0.164232 -0.300316 0.939595 2.620553 0.000000 0.000000 0.000000 1.000000
0.978961 0.064440 0.193607 0.742075 -0.118476 0.952012 0.282199 101.009842 -0.166131 -0.299199 0.939617 2.372699 0.000000 0.000000 0.000000 1.000000
0.978686 0.064892 0.194839 0.756486 -0.119064 0.952325 0.280891 100.985146 -0.167322 -0.298103 0.939754 2.135538 0.000000 0.000000 0.000000 1.000000
0.978525 0.065546 0.195428 0.772083 -0.119674 0.952593 0.279721 100.965714 -0.167829 -0.297102 0.939981 1.910416 0.000000 0.000000 0.000000 1.000000
0.978430 0.066356 0.195630 0.784466 -0.120311 0.952864 0.278524 100.947556 -0.167927 -0.296052 0.940294 1.695232 0.000000 0.000000 0.000000 1.000000
0.978391 0.067202 0.195538 0.788505 -0.120881 0.953160 0.277260 100.923782 -0.167747 -0.294905 0.940687 1.490451 0.000000 0.000000 0.000000 1.000000
0.978427 0.067901 0.195114 0.782177 -0.121230 0.953448 0.276115 100.891075 -0.167283 -0.293812 0.941111 1.299995 0.000000 0.000000 0.000000 1.000000
0.978530 0.068404 0.194421 0.767091 -0.121353 0.953686 0.275237 100.854362 -0.166589 -0.292921 0.941512 1.125751 0.000000 0.000000 0.000000 1.000000
0.978653 0.068858 0.193640 0.746112 -0.121430 0.953887 0.274506 100.822266 -0.165809 -0.292160 0.941887 0.965421 0.000000 0.000000 0.000000 1.000000
0.978767 0.069406 0.192869 0.722052 -0.121582 0.954113 0.273652 100.799294 -0.165026 -0.291291 0.942293 0.818803 0.000000 0.000000 0.000000 1.000000
0.978884 0.070029 0.192045 0.698254 -0.121748 0.954409 0.272544 100.784485 -0.164203 -0.290170 0.942782 0.693467 0.000000 0.000000 0.000000 1.000000
0.979032 0.070626 0.191069 0.677810 -0.121820 0.954758 0.271288 100.775589 -0.163265 -0.288876 0.943343 0.598530 0.000000 0.000000 0.000000 1.000000
0.979217 0.071153 0.189922 0.662221 -0.121783 0.955106 0.270075 100.771965 -0.162179 -0.287592 0.943922 0.537129 0.000000 0.000000 0.000000 1.000000</float_array>
        <technique_common>
          <accessor source="#mixamorig_Hips-Matrix-animation-output-transform-array" count="222" stride="16">
            <param type="float4x4"/>
          </accessor>
        </technique_common>
      </source>
      <source id="mixamorig_Hips-Interpolations">
        <Name_array id="mixamorig_Hips-Interpolations-array" count="222">
 LINEAR LINEAR LINEAR LINEAR LINEAR LINEAR LINEAR LINEAR LINEAR LINEAR LINEAR
LINEAR LINEAR LINEAR LINEAR LINEAR LINEAR LINEAR LINEAR LINEAR LINEAR LINEAR LINEAR
LINEAR LINEAR LINEAR LINEAR LINEAR LINEAR LINEAR LINEAR LINEAR LINEAR LINEAR LINEAR
LINEAR LINEAR LINEAR LINEAR LINEAR LINEAR LINEAR LINEAR LINEAR LINEAR LINEAR LINEAR
LINEAR LINEAR LINEAR LINEAR LINEAR LINEAR LINEAR LINEAR LINEAR LINEAR LINEAR LINEAR
LINEAR LINEAR LINEAR LINEAR LINEAR LINEAR LINEAR LINEAR LINEAR LINEAR LINEAR LINEAR
LINEAR LINEAR LINEAR LINEAR LINEAR LINEAR LINEAR LINEAR LINEAR LINEAR LINEAR LINEAR
LINEAR LINEAR LINEAR LINEAR LINEAR LINEAR LINEAR LINEAR LINEAR LINEAR LINEAR LINEAR
LINEAR LINEAR LINEAR LINEAR LINEAR LINEAR LINEAR LINEAR LINEAR LINEAR LINEAR LINEAR
LINEAR LINEAR LINEAR LINEAR LINEAR LINEAR LINEAR LINEAR LINEAR LINEAR LINEAR LINEAR
LINEAR LINEAR LINEAR LINEAR LINEAR LINEAR LINEAR LINEAR LINEAR LINEAR LINEAR LINEAR
LINEAR LINEAR LINEAR LINEAR LINEAR LINEAR LINEAR LINEAR LINEAR LINEAR LINEAR LINEAR
LINEAR LINEAR LINEAR LINEAR LINEAR LINEAR LINEAR LINEAR LINEAR LINEAR LINEAR LINEAR
LINEAR LINEAR LINEAR LINEAR LINEAR LINEAR LINEAR LINEAR LINEAR LINEAR LINEAR LINEAR
LINEAR LINEAR LINEAR LINEAR LINEAR LINEAR LINEAR LINEAR LINEAR LINEAR LINEAR LINEAR
LINEAR LINEAR LINEAR LINEAR LINEAR LINEAR LINEAR LINEAR LINEAR LINEAR LINEAR LINEAR
LINEAR LINEAR LINEAR LINEAR LINEAR LINEAR LINEAR LINEAR LINEAR LINEAR LINEAR LINEAR
LINEAR LINEAR LINEAR LINEAR LINEAR LINEAR LINEAR LINEAR LINEAR LINEAR LINEAR LINEAR
LINEAR LINEAR LINEAR LINEAR LINEAR LINEAR LINEAR</Name_array>
        <technique_common>
          <accessor source="#mixamorig_Hips-Interpolations-array" count="222">
            <param type="name"/>
          </accessor>
        </technique_common>
      </source>
      <sampler id="mixamorig_Hips-Matrix-animation-transform">
        <input semantic="INPUT" source="#mixamorig_Hips-Matrix-animation-input"/>
        <input semantic="OUTPUT" source="#mixamorig_Hips-Matrix-animation-output-transform"/>
        <input semantic="INTERPOLATION" source="#mixamorig_Hips-Interpolations"/>
      </sampler>
      <channel source="#mixamorig_Hips-Matrix-animation-transform" target="mixamorig_Hips/matrix"/>
    </animation>
    <animation id="mixamorig_Spine-anim" name="mixamorig_Spine">
      <source id="mixamorig_Spine-Matrix-animation-input">
        <float_array id="mixamorig_Spine-Matrix-animation-input-array" count="222">

0.000000 0.033333 0.066667 0.100000 0.133333 0.166667 0.200000 0.233333 0.266667 0.300000 0.333333 0.366667 0.400000 0.433333 0.466667 0.500000
0.533333 0.566667 0.600000 0.633333 0.666667 0.700000 0.733333 0.766667 0.800000 0.833333 0.866667 0.900000 0.933333 0.966667 1.000000 1.033333
1.066667 1.100000 1.133333 1.166667 1.200000 1.233333 1.266667 1.300000 1.333333 1.366667 1.400000 1.433333 1.466667 1.500000 1.533333 1.566667
1.600000 1.633333 1.666667 1.700000 1.733333 1.766667 1.800000 1.833333 1.866667 1.900000 1.933333 1.966667 2.000000 2.033333 2.066667 2.100000
2.133333 2.166667 2.200000 2.233333 2.266667 2.300000 2.333333 2.366667 2.400000 2.433333 2.466667 2.500000 2.533333 2.566667 2.600000 2.633333
2.666667 2.700000 2.733333 2.766667 2.800000 2.833333 2.866667 2.900000 2.933333 2.966667 3.000000 3.033333 3.066667 3.100000 3.133333 3.166667
3.200000 3.233333 3.266667 3.300000 3.333333 3.366667 3.400000 3.433333 3.466667 3.500000 3.533333 3.566667 3.600000 3.633333 3.666667 3.700000
