<?xml version="1.0" encoding="utf-8"?>
<COLLADA xmlns="http://www.collada.org/2005/11/COLLADASchema" version="1.4.1">
  <asset>
    <contributor>
      <author>Mixamo</author>
      <authoring_tool>COLLADA Mixamo exporter</authoring_tool>
      <comments/>
    </contributor>
    <created>2021-11-11T20:31:34Z</created>
    <modified>2021-11-11T20:31:34Z</modified>
    <revision/>
    <title/>
    <unit meter="0.010000"/>
    <up_axis>Y_UP</up_axis>
  </asset>
  <library_animations>
    <animation id="mixamorig_Hips-anim" name="mixamorig_Hips">
      <source id="mixamorig_Hips-Matrix-animation-input">
        <float_array id="mixamorig_Hips-Matrix-animation-input-array" count="154">

0.000000 0.033333 0.066667 0.100000 0.133333 0.166667 0.200000 0.233333 0.266667 0.300000 0.333333 0.366667 0.400000 0.433333 0.466667 0.500000
0.533333 0.566667 0.600000 0.633333 0.666667 0.700000 0.733333 0.766667 0.800000 0.833333 0.866667 0.900000 0.933333 0.966667 1.000000 1.033333
1.066667 1.100000 1.133333 1.166667 1.200000 1.233333 1.266667 1.300000 1.333333 1.366667 1.400000 1.433333 1.466667 1.500000 1.533333 1.566667
1.600000 1.633333 1.666667 1.700000 1.733333 1.766667 1.800000 1.833333 1.866667 1.900000 1.933333 1.966667 2.000000 2.033333 2.066667 2.100000
2.133333 2.166667 2.200000 2.233333 2.266667 2.300000 2.333333 2.366667 2.400000 2.433333 2.466667 2.500000 2.533333 2.566667 2.600000 2.633333
2.666667 2.700000 2.733333 2.766667 2.800000 2.833333 2.866667 2.900000 2.933333 2.966667 3.000000 3.033333 3.066667 3.100000 3.133333 3.166667
3.200000 3.233333 3.266667 3.300000 3.333333 3.366667 3.400000 3.433333 3.466667 3.500000 3.533333 3.566667 3.600000 3.633333 3.666667 3.700000
3.733333 3.766667 3.800000 3.833333 3.866667 3.900000 3.933333 3.966667 4.000000 4.033333 4.066667 4.100000 4.133333 4.166667 4.200000 4.233333
4.266667 4.300000 4.333333 4.366667 4.400000 4.433333 4.466667 4.500000 4.533333 4.566667 4.600000 4.633333 4.666667 4.700000 4.733333 4.766667
4.800000 4.833333 4.866667 4.900000 4.933333 4.966667 5.000000 5.033333 5.066667 5.100000</float_array>
        <technique_common>
          <accessor source="#mixamorig_Hips-Matrix-animation-input-array" count="154">
            <param name="TIME" type="float"/>
          </accessor>
        </technique_common>
      </source>
      <source id="mixamorig_Hips-Matrix-animation-output-transform">
        <float_array id="mixamorig_Hips-Matrix-animation-output-transform-array" count="2464">

0.995941 -0.011864 -0.089220 -0.199841 0.014017 0.999624 0.023548 103.275032 0.088907 -0.024703 0.995734 2.203431 0.000000 0.000000 0.000000 1.000000
0.995913 -0.011886 -0.089536 -0.203463 0.014042 0.999626 0.023486 103.276436 0.089223 -0.024647 0.995707 2.202341 0.000000 0.000000 0.000000 1.000000
0.995880 -0.011931 -0.089894 -0.205317 0.014093 0.999625 0.023460 103.281403 0.089580 -0.024630 0.995675 2.201205 0.000000 0.000000 0.000000 1.000000
0.995845 -0.011967 -0.090275 -0.205102 0.014137 0.999625 0.023435 103.285789 0.089961 -0.024614 0.995641 2.200741 0.000000 0.000000 0.000000 1.000000
0.995804 -0.012013 -0.090718 -0.204568 0.014190 0.999626 0.023394 103.287270 0.090403 -0.024583 0.995602 2.200303 0.000000 0.000000 0.000000 1.000000
0.995759 -0.012005 -0.091213 -0.204006 0.014190 0.999627 0.023352 103.285690 0.090898 -0.024547 0.995558 2.198705 0.000000 0.000000 0.000000 1.000000
0.995718 -0.011988 -0.091658 -0.202815 0.014183 0.999627 0.023337 103.284073 0.091344 -0.024537 0.995517 2.195962 0.000000 0.000000 0.000000 1.000000
0.995692 -0.011969 -0.091941 -0.200830 0.014175 0.999626 0.023372 103.283279 0.091627 -0.024575 0.995490 2.193579 0.000000 0.000000 0.000000 1.000000
0.995686 -0.011886 -0.092021 -0.199333 0.014104 0.999625 0.023488 103.283089 0.091708 -0.024684 0.995480 2.193379 0.000000 0.000000 0.000000 1.000000
0.995700 -0.011713 -0.091895 -0.199189 0.013946 0.999622 0.023690 103.283524 0.091583 -0.024870 0.995487 2.195536 0.000000 0.000000 0.000000 1.000000
0.995730 -0.011526 -0.091588 -0.198697 0.013771 0.999619 0.023918 103.283829 0.091278 -0.025077 0.995510 2.197725 0.000000 0.000000 0.000000 1.000000
0.995767 -0.011435 -0.091201 -0.197008 0.013685 0.999616 0.024089 103.284019 0.090891 -0.025235 0.995541 2.197964 0.000000 0.000000 0.000000 1.000000
0.995800 -0.011374 -0.090847 -0.196541 0.013625 0.999614 0.024193 103.284065 0.090537 -0.025329 0.995571 2.197078 0.000000 0.000000 0.000000 1.000000
0.995826 -0.011243 -0.090576 -0.198572 0.013492 0.999615 0.024264 103.283821 0.090268 -0.025385 0.995594 2.196257 0.000000 0.000000 0.000000 1.000000
0.995845 -0.011068 -0.090392 -0.200980 0.013317 0.999616 0.024315 103.284058 0.090088 -0.025418 0.995609 2.195090 0.000000 0.000000 0.000000 1.000000
0.995856 -0.010884 -0.090288 -0.201810 0.013131 0.999618 0.024335 103.284950 0.089988 -0.025420 0.995618 2.192528 0.000000 0.000000 0.000000 1.000000
0.995862 -0.010713 -0.090241 -0.200851 0.012957 0.999620 0.024312 103.286186 0.089946 -0.025381 0.995623 2.188585 0.000000 0.000000 0.000000 1.000000
0.995867 -0.010625 -0.090204 -0.197506 0.012862 0.999623 0.024245 103.286865 0.089913 -0.025305 0.995628 2.184450 0.000000 0.000000 0.000000 1.000000
0.995868 -0.010625 -0.090185 -0.191664 0.012851 0.999626 0.024132 103.285843 0.089895 -0.025191 0.995633 2.180590 0.000000 0.000000 0.000000 1.000000
0.995863 -0.010646 -0.090245 -0.185386 0.012859 0.999630 0.023971 103.284142 0.089956 -0.025032 0.995631 2.175935 0.000000 0.000000 0.000000 1.000000
0.995853 -0.010574 -0.090359 -0.180257 0.012773 0.999635 0.023788 103.283241 0.090075 -0.024843 0.995625 2.170044 0.000000 0.000000 0.000000 1.000000
0.995851 -0.010426 -0.090398 -0.176294 0.012607 0.999642 0.023592 103.284454 0.090120 -0.024634 0.995626 2.164123 0.000000 0.000000 0.000000 1.000000
0.995863 -0.010225 -0.090293 -0.172380 0.012380 0.999651 0.023338 103.286087 0.090023 -0.024360 0.995642 2.158704 0.000000 0.000000 0.000000 1.000000
0.995882 -0.009990 -0.090107 -0.168166 0.012108 0.999662 0.022997 103.287094 0.089847 -0.023993 0.995667 2.153635 0.000000 0.000000 0.000000 1.000000
0.995905 -0.009729 -0.089885 -0.163810 0.011808 0.999674 0.022628 103.288551 0.089636 -0.023597 0.995695 2.150169 0.000000 0.000000 0.000000 1.000000
0.995933 -0.009457 -0.089597 -0.159124 0.011500 0.999685 0.022309 103.290710 0.089357 -0.023249 0.995728 2.150564 0.000000 0.000000 0.000000 1.000000
0.995967 -0.009146 -0.089252 -0.154703 0.011155 0.999695 0.022043 103.292641 0.089023 -0.022950 0.995765 2.155204 0.000000 0.000000 0.000000 1.000000
0.996000 -0.008721 -0.088929 -0.152608 0.010701 0.999705 0.021807 103.294327 0.088713 -0.022672 0.995799 2.162503 0.000000 0.000000 0.000000 1.000000
0.996029 -0.008163 -0.088651 -0.153150 0.010116 0.999715 0.021604 103.295937 0.088450 -0.022415 0.995828 2.171835 0.000000 0.000000 0.000000 1.000000
0.996059 -0.007579 -0.088365 -0.154763 0.009508 0.999725 0.021426 103.297951 0.088179 -0.022181 0.995858 2.184065 0.000000 0.000000 0.000000 1.000000
0.996095 -0.006958 -0.088016 -0.157350 0.008860 0.999735 0.021236 103.300011 0.087845 -0.021933 0.995893 2.200357 0.000000 0.000000 0.000000 1.000000
0.996138 -0.006140 -0.087587 -0.162622 0.008012 0.999747 0.021038 103.302658 0.087436 -0.021658 0.995935 2.221632 0.000000 0.000000 0.000000 1.000000
0.996187 -0.005021 -0.087099 -0.169537 0.006866 0.999758 0.020892 103.306938 0.086973 -0.021410 0.995981 2.248265 0.000000 0.000000 0.000000 1.000000
0.996235 -0.003460 -0.086629 -0.173565 0.005286 0.999769 0.020855 103.308098 0.086537 -0.021234 0.996022 2.279760 0.000000 0.000000 0.000000 1.000000
0.996268 -0.001660 -0.086293 -0.172816 0.003475 0.999776 0.020889 103.306747 0.086239 -0.021111 0.996051 2.315865 0.000000 0.000000 0.000000 1.000000
0.996291 0.000456 -0.086051 -0.163157 0.001347 0.999781 0.020894 103.312729 0.086042 -0.020933 0.996072 2.355996 0.000000 0.000000 0.000000 1.000000
0.996301 0.002294 -0.085907 -0.143573 -0.000500 0.999782 0.020895 103.304436 0.085936 -0.020775 0.996084 2.395470 0.000000 0.000000 0.000000 1.000000
0.996293 0.003986 -0.085937 -0.112459 -0.002174 0.999774 0.021168 103.297668 0.086002 -0.020903 0.996076 2.435461 0.000000 0.000000 0.000000 1.000000
0.996236 0.005441 -0.086506 -0.073025 -0.003547 0.999751 0.022027 103.293259 0.086605 -0.021637 0.996008 2.478651 0.000000 0.000000 0.000000 1.000000
0.996091 0.006525 -0.088095 -0.028211 -0.004483 0.999717 0.023358 103.290375 0.088222 -0.022871 0.995838 2.522134 0.000000 0.000000 0.000000 1.000000
0.995848 0.007093 -0.090756 0.020734 -0.004896 0.999690 0.024402 103.288948 0.090901 -0.023856 0.995574 2.555706 0.000000 0.000000 0.000000 1.000000
0.995563 0.006975 -0.093843 0.071238 -0.004727 0.999697 0.024161 103.288788 0.093983 -0.023610 0.995294 2.572355 0.000000 0.000000 0.000000 1.000000
0.995298 0.006125 -0.096669 0.118701 -0.004005 0.999748 0.022108 103.289841 0.096780 -0.021616 0.995071 2.575733 0.000000 0.000000 0.000000 1.000000
0.995061 0.004918 -0.099144 0.158689 -0.003103 0.999825 0.018455 103.292381 0.099217 -0.018056 0.994902 2.576664 0.000000 0.000000 0.000000 1.000000
0.994839 0.003869 -0.101391 0.189806 -0.002470 0.999900 0.013921 103.295502 0.101435 -0.013598 0.994749 2.587009 0.000000 0.000000 0.000000 1.000000
0.994649 0.003060 -0.103270 0.212896 -0.002102 0.999954 0.009388 103.296600 0.103294 -0.009121 0.994609 2.613175 0.000000 0.000000 0.000000 1.000000
0.994538 0.002232 -0.104349 0.228818 -0.001676 0.999984 0.005424 103.294746 0.104359 -0.005220 0.994526 2.653846 0.000000 0.000000 0.000000 1.000000
0.994567 0.001441 -0.104086 0.240332 -0.001233 0.999997 0.002060 103.295044 0.104088 -0.001920 0.994566 2.704319 0.000000 0.000000 0.000000 1.000000
0.994755 0.000774 -0.102281 0.246651 -0.000860 0.999999 -0.000791 103.293083 0.102280 0.000874 0.994755 2.760009 0.000000 0.000000 0.000000 1.000000
0.995067 0.000517 -0.099204 0.243871 -0.000824 0.999995 -0.003052 103.291763 0.099202 0.003119 0.995062 2.820528 0.000000 0.000000 0.000000 1.000000
0.995456 0.000684 -0.095221 0.230779 -0.001152 0.999988 -0.004858 103.289345 0.095216 0.004946 0.995444 2.884962 0.000000 0.000000 0.000000 1.000000
0.995912 0.001074 -0.090322 0.211536 -0.001683 0.999976 -0.006667 103.278267 0.090313 0.006792 0.995890 2.948884 0.000000 0.000000 0.000000 1.000000
0.996438 0.001967 -0.084303 0.190907 -0.002710 0.999958 -0.008701 103.268753 0.084283 0.008899 0.996402 3.011219 0.000000 0.000000 0.000000 1.000000
0.996982 0.003305 -0.077568 0.167435 -0.004148 0.999934 -0.010710 103.258530 0.077527 0.010999 0.996930 3.072986 0.000000 0.000000 0.000000 1.000000
0.997455 0.005019 -0.071126 0.140822 -0.005916 0.999906 -0.012398 103.248627 0.071057 0.012787 0.997390 3.134416 0.000000 0.000000 0.000000 1.000000
0.997804 0.006806 -0.065883 0.112329 -0.007728 0.999876 -0.013740 103.239212 0.065781 0.014219 0.997733 3.192581 0.000000 0.000000 0.000000 1.000000
0.998018 0.008300 -0.062381 0.083035 -0.009243 0.999847 -0.014840 103.230225 0.062249 0.015387 0.997942 3.243640 0.000000 0.000000 0.000000 1.000000
0.998095 0.009450 -0.060963 0.052718 -0.010429 0.999821 -0.015762 103.222504 0.060803 0.016367 0.998016 3.285991 0.000000 0.000000 0.000000 1.000000
0.998054 0.010470 -0.061465 0.021522 -0.011506 0.999797 -0.016533 103.216766 0.061280 0.017208 0.997972 3.321912 0.000000 0.000000 0.000000 1.000000
0.997950 0.011406 -0.062972 -0.005293 -0.012514 0.999773 -0.017217 103.212639 0.062762 0.017969 0.997867 3.356193 0.000000 0.000000 0.000000 1.000000
0.997850 0.011984 -0.064428 -0.019537 -0.013166 0.999752 -0.017954 103.209152 0.064197 0.018764 0.997761 3.391271 0.000000 0.000000 0.000000 1.000000
0.997783 0.011988 -0.065469 -0.020662 -0.013254 0.999733 -0.018940 103.205956 0.065224 0.019766 0.997675 3.426084 0.000000 0.000000 0.000000 1.000000
0.997728 0.011532 -0.066377 -0.015427 -0.012906 0.999711 -0.020296 103.203194 0.066124 0.021106 0.997588 3.460100 0.000000 0.000000 0.000000 1.000000
0.997663 0.010900 -0.067451 -0.008039 -0.012405 0.999683 -0.021923 103.201042 0.067190 0.022708 0.997482 3.495184 0.000000 0.000000 0.000000 1.000000
0.997583 0.010380 -0.068710 0.000417 -0.012020 0.999652 -0.023497 103.199112 0.068442 0.024266 0.997360 3.533707 0.000000 0.000000 0.000000 1.000000
0.997495 0.010210 -0.069993 0.008504 -0.011965 0.999623 -0.024694 103.196320 0.069715 0.025469 0.997242 3.576805 0.000000 0.000000 0.000000 1.000000
0.997422 0.010488 -0.070982 0.015000 -0.012319 0.999601 -0.025404 103.192436 0.070687 0.026213 0.997154 3.624366 0.000000 0.000000 0.000000 1.000000
0.997398 0.011115 -0.071228 0.019475 -0.012972 0.999587 -0.025661 103.188347 0.070913 0.026519 0.997130 3.676063 0.000000 0.000000 0.000000 1.000000
0.997434 0.011916 -0.070593 0.022561 -0.013745 0.999581 -0.025489 103.184029 0.070260 0.026394 0.997179 3.731566 0.000000 0.000000 0.000000 1.000000
0.997491 0.012756 -0.069629 0.026344 -0.014521 0.999585 -0.024897 103.178963 0.069283 0.025846 0.997262 3.789468 0.000000 0.000000 0.000000 1.000000
0.997516 0.013558 -0.069130 0.032745 -0.015245 0.999597 -0.023936 103.173859 0.068778 0.024930 0.997320 3.847259 0.000000 0.000000 0.000000 1.000000
0.997490 0.014300 -0.069350 0.041611 -0.015909 0.999616 -0.022706 103.170067 0.068999 0.023752 0.997334 3.902442 0.000000 0.000000 0.000000 1.000000
0.997440 0.015036 -0.069916 0.051517 -0.016566 0.999634 -0.021365 103.168106 0.069569 0.022469 0.997324 3.953475 0.000000 0.000000 0.000000 1.000000
0.997396 0.015746 -0.070374 0.062305 -0.017201 0.999650 -0.020111 103.167175 0.070033 0.021270 0.997318 4.000293 0.000000 0.000000 0.000000 1.000000
0.997370 0.016276 -0.070624 0.075205 -0.017668 0.999661 -0.019141 103.166130 0.070289 0.020339 0.997319 4.043011 0.000000 0.000000 0.000000 1.000000
0.997349 0.016502 -0.070877 0.090619 -0.017859 0.999668 -0.018566 103.163742 0.070547 0.019783 0.997312 4.080214 0.000000 0.000000 0.000000 1.000000
0.997313 0.016442 -0.071393 0.107634 -0.017794 0.999673 -0.018347 103.160088 0.071068 0.019568 0.997280 4.110661 0.000000 0.000000 0.000000 1.000000
0.997251 0.016172 -0.072311 0.125053 -0.017543 0.999677 -0.018372 103.156693 0.071991 0.019590 0.997213 4.135186 0.000000 0.000000 0.000000 1.000000
0.997165 0.015774 -0.073571 0.141795 -0.017186 0.999679 -0.018597 103.155273 0.073254 0.019809 0.997117 4.155026 0.000000 0.000000 0.000000 1.000000
0.997076 0.015342 -0.074858 0.157356 -0.016811 0.999678 -0.019031 103.155548 0.074542 0.020234 0.997013 4.170581 0.000000 0.000000 0.000000 1.000000
0.997017 0.014967 -0.075718 0.171983 -0.016497 0.999671 -0.019628 103.155914 0.075399 0.020818 0.996936 4.183073 0.000000 0.000000 0.000000 1.000000
0.997005 0.014722 -0.075922 0.185659 -0.016302 0.999662 -0.020231 103.155006 0.075599 0.021408 0.996909 4.195033 0.000000 0.000000 0.000000 1.000000
0.997025 0.014682 -0.075668 0.198073 -0.016288 0.999654 -0.020648 103.153000 0.075339 0.021819 0.996919 4.207971 0.000000 0.000000 0.000000 1.000000
0.997051 0.014860 -0.075294 0.208894 -0.016468 0.999648 -0.020784 103.151138 0.074958 0.021962 0.996945 4.220534 0.000000 0.000000 0.000000 1.000000
0.997076 0.015134 -0.074905 0.218307 -0.016729 0.999646 -0.020712 103.150719 0.074565 0.021904 0.996976 4.230486 0.000000 0.000000 0.000000 1.000000
0.997110 0.015329 -0.074414 0.227646 -0.016904 0.999645 -0.020586 103.152039 0.074072 0.021785 0.997015 4.237360 0.000000 0.000000 0.000000 1.000000
0.997154 0.015361 -0.073815 0.237775 -0.016918 0.999646 -0.020517 103.154259 0.073474 0.021707 0.997061 4.242237 0.000000 0.000000 0.000000 1.000000
0.997196 0.015255 -0.073258 0.247205 -0.016803 0.999648 -0.020556 103.156311 0.072918 0.021729 0.997101 4.245285 0.000000 0.000000 0.000000 1.000000
0.997227 0.015033 -0.072891 0.254286 -0.016585 0.999647 -0.020743 103.157356 0.072554 0.021894 0.997124 4.245290 0.000000 0.000000 0.000000 1.000000
0.997243 0.014672 -0.072734 0.260295 -0.016246 0.999645 -0.021104 103.157394 0.072398 0.022227 0.997128 4.241662 0.000000 0.000000 0.000000 1.000000
0.997252 0.014191 -0.072711 0.267143 -0.015800 0.999642 -0.021605 103.157288 0.072378 0.022695 0.997119 4.234974 0.000000 0.000000 0.000000 1.000000
0.997253 0.013700 -0.072787 0.273681 -0.015348 0.999637 -0.022141 103.158005 0.072457 0.023197 0.997102 4.226377 0.000000 0.000000 0.000000 1.000000
0.997246 0.013288 -0.072964 0.277896 -0.014973 0.999633 -0.022594 103.159561 0.072637 0.023624 0.997079 4.217449 0.000000 0.000000 0.000000 1.000000
0.997235 0.012958 -0.073178 0.280372 -0.014670 0.999630 -0.022907 103.161331 0.072854 0.023918 0.997056 4.209356 0.000000 0.000000 0.000000 1.000000
0.997226 0.012709 -0.073340 0.283213 -0.014437 0.999629 -0.023091 103.162811 0.073019 0.024086 0.997040 4.202028 0.000000 0.000000 0.000000 1.000000
0.997221 0.012599 -0.073430 0.287895 -0.014334 0.999629 -0.023157 103.163864 0.073112 0.024145 0.997031 4.195163 0.000000 0.000000 0.000000 1.000000
0.997217 0.012672 -0.073470 0.294852 -0.014405 0.999629 -0.023111 103.164352 0.073150 0.024105 0.997030 4.189150 0.000000 0.000000 0.000000 1.000000
0.997214 0.012843 -0.073479 0.303415 -0.014567 0.999630 -0.022974 103.164314 0.073157 0.023981 0.997032 4.184457 0.000000 0.000000 0.000000 1.000000
0.997213 0.012935 -0.073483 0.312107 -0.014645 0.999633 -0.022787 103.164497 0.073162 0.023799 0.997036 4.180340 0.000000 0.000000 0.000000 1.000000
0.997212 0.012888 -0.073495 0.320184 -0.014586 0.999638 -0.022603 103.165680 0.073178 0.023612 0.997039 4.174877 0.000000 0.000000 0.000000 1.000000
0.997212 0.012795 -0.073513 0.328631 -0.014482 0.999643 -0.022472 103.168488 0.073199 0.023474 0.997041 4.166595 0.000000 0.000000 0.000000 1.000000
0.997209 0.012679 -0.073582 0.338275 -0.014362 0.999646 -0.022395 103.172424 0.073272 0.023390 0.997038 4.155483 0.000000 0.000000 0.000000 1.000000
0.997195 0.012504 -0.073792 0.348042 -0.014184 0.999651 -0.022284 103.176041 0.073488 0.023268 0.997025 4.142230 0.000000 0.000000 0.000000 1.000000
0.997172 0.012321 -0.074142 0.356653 -0.013986 0.999660 -0.021985 103.179146 0.073846 0.022960 0.997005 4.127767 0.000000 0.000000 0.000000 1.000000
0.997141 0.012235 -0.074562 0.364736 -0.013863 0.999676 -0.021355 103.182968 0.074276 0.022328 0.996988 4.112693 0.000000 0.000000 0.000000 1.000000
0.997107 0.012283 -0.075017 0.373501 -0.013842 0.999698 -0.020301 103.188461 0.074745 0.021280 0.996976 4.095284 0.000000 0.000000 0.000000 1.000000
0.997070 0.012372 -0.075487 0.382311 -0.013831 0.999727 -0.018838 103.194862 0.075233 0.019827 0.996969 4.071774 0.000000 0.000000 0.000000 1.000000
0.997045 0.012461 -0.075803 0.389625 -0.013798 0.999758 -0.017142 103.200775 0.075571 0.018137 0.996975 4.040037 0.000000 0.000000 0.000000 1.000000
0.997057 0.012634 -0.075611 0.394477 -0.013840 0.999785 -0.015447 103.205795 0.075399 0.016448 0.997018 4.001714 0.000000 0.000000 0.000000 1.000000
0.997118 0.012893 -0.074758 0.396671 -0.013969 0.999806 -0.013891 103.209785 0.074564 0.014895 0.997105 3.960577 0.000000 0.000000 0.000000 1.000000
0.997204 0.013035 -0.073577 0.396063 -0.013993 0.999824 -0.012508 103.212685 0.073401 0.013503 0.997211 3.918779 0.000000 0.000000 0.000000 1.000000
0.997283 0.012945 -0.072520 0.390828 -0.013802 0.999841 -0.011329 103.215065 0.072362 0.012300 0.997303 3.875263 0.000000 0.000000 0.000000 1.000000
0.997345 0.012870 -0.071680 0.380426 -0.013647 0.999853 -0.010359 103.217850 0.071537 0.011310 0.997374 3.828572 0.000000 0.000000 0.000000 1.000000
0.997396 0.013082 -0.070929 0.369106 -0.013789 0.999860 -0.009481 103.221741 0.070795 0.010435 0.997436 3.779090 0.000000 0.000000 0.000000 1.000000
0.997432 0.013302 -0.070376 0.360254 -0.013940 0.999866 -0.008586 103.226280 0.070253 0.009545 0.997484 3.727099 0.000000 0.000000 0.000000 1.000000
0.997435 0.013015 -0.070379 0.353241 -0.013589 0.999878 -0.007690 103.230408 0.070270 0.008627 0.997491 3.671438 0.000000 0.000000 0.000000 1.000000
0.997411 0.012150 -0.070880 0.346866 -0.012665 0.999897 -0.006821 103.233429 0.070789 0.007701 0.997462 3.614423 0.000000 0.000000 0.000000 1.000000
0.997417 0.010969 -0.070991 0.339921 -0.011419 0.999917 -0.005937 103.235794 0.070920 0.006732 0.997459 3.563391 0.000000 0.000000 0.000000 1.000000
0.997517 0.009526 -0.069781 0.331147 -0.009898 0.999939 -0.004995 103.238861 0.069729 0.005674 0.997550 3.523221 0.000000 0.000000 0.000000 1.000000
0.997687 0.007570 -0.067552 0.319526 -0.007865 0.999961 -0.004107 103.243446 0.067519 0.004629 0.997707 3.491560 0.000000 0.000000 0.000000 1.000000
0.997812 0.004998 -0.065925 0.303666 -0.005231 0.999981 -0.003354 103.248245 0.065907 0.003691 0.997819 3.463252 0.000000 0.000000 0.000000 1.000000
0.997796 0.002196 -0.066325 0.284711 -0.002367 0.999994 -0.002503 103.251427 0.066319 0.002654 0.997795 3.436307 0.000000 0.000000 0.000000 1.000000
0.997657 -0.000181 -0.068407 0.269834 0.000091 0.999999 -0.001318 103.255386 0.068407 0.001309 0.997657 3.411141 0.000000 0.000000 0.000000 1.000000
0.997490 -0.002228 -0.070771 0.261749 0.002231 0.999998 -0.000025 103.247040 0.070771 -0.000133 0.997493 3.382923 0.000000 0.000000 0.000000 1.000000
0.997334 -0.003367 -0.072893 0.258911 0.003448 0.999994 0.000982 103.248184 0.072889 -0.001231 0.997339 3.347296 0.000000 0.000000 0.000000 1.000000
0.997158 -0.003955 -0.075237 0.253857 0.004097 0.999990 0.001741 103.252991 0.075230 -0.002044 0.997164 3.306790 0.000000 0.000000 0.000000 1.000000
0.996974 -0.004120 -0.077626 0.246868 0.004334 0.999987 0.002597 103.252655 0.077615 -0.002925 0.996979 3.274797 0.000000 0.000000 0.000000 1.000000
0.996828 -0.003913 -0.079488 0.240602 0.004217 0.999984 0.003666 103.248871 0.079473 -0.003990 0.996829 3.258624 0.000000 0.000000 0.000000 1.000000
0.996720 -0.003497 -0.080848 0.235857 0.003897 0.999981 0.004793 103.248192 0.080829 -0.005092 0.996715 3.250435 0.000000 0.000000 0.000000 1.000000
0.996622 -0.003071 -0.082073 0.230450 0.003561 0.999977 0.005828 103.251663 0.082054 -0.006100 0.996609 3.240129 0.000000 0.000000 0.000000 1.000000
0.996533 -0.002668 -0.083154 0.222783 0.003243 0.999972 0.006773 103.256363 0.083133 -0.007019 0.996514 3.228467 0.000000 0.000000 0.000000 1.000000
0.996482 -0.002043 -0.083785 0.214883 0.002710 0.999966 0.007845 103.259750 0.083766 -0.008044 0.996453 3.224759 0.000000 0.000000 0.000000 1.000000
0.996477 -0.001086 -0.083861 0.207879 0.001872 0.999955 0.009295 103.261688 0.083847 -0.009419 0.996434 3.235217 0.000000 0.000000 0.000000 1.000000
0.996514 -0.000156 -0.083429 0.198068 0.001088 0.999938 0.011122 103.260216 0.083422 -0.011174 0.996452 3.249461 0.000000 0.000000 0.000000 1.000000
0.996602 0.000360 -0.082370 0.183315 0.000718 0.999914 0.013065 103.257286 0.082368 -0.013080 0.996516 3.256590 0.000000 0.000000 0.000000 1.000000
0.996745 0.000471 -0.080613 0.168543 0.000727 0.999890 0.014828 103.254715 0.080611 -0.014839 0.996635 3.252481 0.000000 0.000000 0.000000 1.000000
0.996908 0.000317 -0.078575 0.159339 0.000967 0.999866 0.016313 103.254372 0.078569 -0.016338 0.996775 3.233945 0.000000 0.000000 0.000000 1.000000
0.997023 -0.000145 -0.077099 0.154641 0.001507 0.999844 0.017595 103.255470 0.077085 -0.017659 0.996868 3.200711 0.000000 0.000000 0.000000 1.000000
0.997039 -0.000883 -0.076898 0.149390 0.002330 0.999822 0.018720 103.256630 0.076867 -0.018844 0.996863 3.154018 0.000000 0.000000 0.000000 1.000000
0.996954 -0.001888 -0.077975 0.140126 0.003428 0.999802 0.019620 103.255699 0.077923 -0.019828 0.996762 3.094228 0.000000 0.000000 0.000000 1.000000
0.996817 -0.003015 -0.079663 0.127807 0.004639 0.999785 0.020210 103.254333 0.079585 -0.020515 0.996617 3.021376 0.000000 0.000000 0.000000 1.000000
0.996683 -0.004149 -0.081276 0.113115 0.005835 0.999773 0.020510 103.253983 0.081173 -0.020917 0.996481 2.937585 0.000000 0.000000 0.000000 1.000000
0.996579 -0.005232 -0.082476 0.095809 0.006958 0.999762 0.020653 103.255493 0.082348 -0.021157 0.996379 2.848866 0.000000 0.000000 0.000000 1.000000
0.996519 -0.006220 -0.083139 0.074376 0.007973 0.999752 0.020771 103.258369 0.082989 -0.021362 0.996322 2.761261 0.000000 0.000000 0.000000 1.000000
0.996502 -0.007033 -0.083274 0.047023 0.008805 0.999742 0.020929 103.261406 0.083105 -0.021589 0.996307 2.677333 0.000000 0.000000 0.000000 1.000000
0.996516 -0.007674 -0.083045 0.017168 0.009459 0.999732 0.021118 103.263229 0.082861 -0.021830 0.996322 2.597953 0.000000 0.000000 0.000000 1.000000
0.996539 -0.008273 -0.082712 -0.010013 0.010067 0.999723 0.021294 103.265213 0.082513 -0.022053 0.996346 2.523713 0.000000 0.000000 0.000000 1.000000
0.996550 -0.008840 -0.082519 -0.035381 0.010647 0.999712 0.021494 103.267998 0.082306 -0.022298 0.996358 2.454949 0.000000 0.000000 0.000000 1.000000
0.996532 -0.009383 -0.082681 -0.062202 0.011223 0.999699 0.021815 103.271332 0.082452 -0.022667 0.996337 2.393009 0.000000 0.000000 0.000000 1.000000
0.996470 -0.009964 -0.083353 -0.089569 0.011858 0.999682 0.022252 103.274002 0.083105 -0.023162 0.996272 2.338359 0.000000 0.000000 0.000000 1.000000
0.996361 -0.010538 -0.084574 -0.115637 0.012499 0.999664 0.022696 103.275269 0.084306 -0.023670 0.996159 2.289989 0.000000 0.000000 0.000000 1.000000
0.996220 -0.010959 -0.086175 -0.141693 0.012991 0.999650 0.023065 103.275337 0.085892 -0.024097 0.996013 2.248760 0.000000 0.000000 0.000000 1.000000
0.996071 -0.011315 -0.087827 -0.169866 0.013415 0.999637 0.023351 103.275314 0.087531 -0.024438 0.995862 2.218681 0.000000 0.000000 0.000000 1.000000
0.995941 -0.011864 -0.089220 -0.199843 0.014017 0.999624 0.023548 103.275032 0.088907 -0.024703 0.995734 2.203431 0.000000 0.000000 0.000000 1.000000</float_array>
        <technique_common>
          <accessor source="#mixamorig_Hips-Matrix-animation-output-transform-array" count="154" stride="16">
            <param type="float4x4"/>
          </accessor>
        </technique_common>
      </source>
      <source id="mixamorig_Hips-Interpolations">
        <Name_array id="mixamorig_Hips-Interpolations-array" count="154">
 LINEAR LINEAR LINEAR LINEAR LINEAR LINEAR LINEAR LINEAR LINEAR LINEAR LINEAR
LINEAR LINEAR LINEAR LINEAR LINEAR LINEAR LINEAR LINEAR LINEAR LINEAR LINEAR LINEAR
LINEAR LINEAR LINEAR LINEAR LINEAR LINEAR LINEAR LINEAR LINEAR LINEAR LINEAR LINEAR
LINEAR LINEAR LINEAR LINEAR LINEAR LINEAR LINEAR LINEAR LINEAR LINEAR LINEAR LINEAR
LINEAR LINEAR LINEAR LINEAR LINEAR LINEAR LINEAR LINEAR LINEAR LINEAR LINEAR LINEAR
LINEAR LINEAR LINEAR LINEAR LINEAR LINEAR LINEAR LINEAR LINEAR LINEAR LINEAR LINEAR
LINEAR LINEAR LINEAR LINEAR LINEAR LINEAR LINEAR LINEAR LINEAR LINEAR LINEAR LINEAR
LINEAR LINEAR LINEAR LINEAR LINEAR LINEAR LINEAR LINEAR LINEAR LINEAR LINEAR LINEAR
LINEAR LINEAR LINEAR LINEAR LINEAR LINEAR LINEAR LINEAR LINEAR LINEAR LINEAR LINEAR
LINEAR LINEAR LINEAR LINEAR LINEAR LINEAR LINEAR LINEAR LINEAR LINEAR LINEAR LINEAR
LINEAR LINEAR LINEAR LINEAR LINEAR LINEAR LINEAR LINEAR LINEAR LINEAR LINEAR LINEAR
LINEAR LINEAR LINEAR LINEAR LINEAR LINEAR LINEAR LINEAR LINEAR LINEAR LINEAR LINEAR
LINEAR LINEAR LINEAR LINEAR LINEAR LINEAR LINEAR LINEAR LINEAR LINEAR LINEAR</Name_array>
        <technique_common>
          <accessor source="#mixamorig_Hips-Interpolations-array" count="154">
            <param type="name"/>
          </accessor>
        </technique_common>
      </source>
      <sampler id="mixamorig_Hips-Matrix-animation-transform">
        <input semantic="INPUT" source="#mixamorig_Hips-Matrix-animation-input"/>
        <input semantic="OUTPUT" source="#mixamorig_Hips-Matrix-animation-output-transform"/>
        <input semantic="INTERPOLATION" source="#mixamorig_Hips-Interpolations"/>
      </sampler>
      <channel source="#mixamorig_Hips-Matrix-animation-transform" target="mixamorig_Hips/matrix"/>
    </animation>
    <animation id="mixamorig_Spine-anim" name="mixamorig_Spine">
      <source id="mixamorig_Spine-Matrix-animation-input">
        <float_array id="mixamorig_Spine-Matrix-animation-input-array" count="154">

0.000000 0.033333 0.066667 0.100000 0.133333 0.166667 0.200000 0.233333 0.266667 0.300000 0.333333 0.366667 0.400000 0.433333 0.466667 0.500000
0.533333 0.566667 0.600000 0.633333 0.666667 0.700000 0.733333 0.766667 0.800000 0.833333 0.866667 0.900000 0.933333 0.966667 1.000000 1.033333
1.066667 1.100000 1.133333 1.166667 1.200000 1.233333 1.266667 1.300000 1.333333 1.366667 1.400000 1.433333 1.466667 1.500000 1.533333 1.566667
1.600000 1.633333 1.666667 1.700000 1.733333 1.766667 1.800000 1.833333 1.866667 1.900000 1.933333 1.966667 2.000000 2.033333 2.066667 2.100000
2.133333 2.166667 2.200000 2.233333 2.266667 2.300000 2.333333 2.366667 2.400000 2.433333 2.466667 2.500000 2.533333 2.566667 2.600000 2.633333
2.666667 2.700000 2.733333 2.766667 2.800000 2.833333 2.866667 2.900000 2.933333 2.966667 3.000000 3.033333 3.066667 3.100000 3.133333 3.166667
3.200000 3.233333 3.266667 3.300000 3.333333 3.366667 3.400000 3.433333 3.466667 3.500000 3.533333 3.566667 3.600000 3.633333 3.666667 3.700000
3.733333 3.766667 3.800000 3.833333 3.866667 3.900000 3.933333 3.966667 4.000000 4.033333 4.066667 4.100000 4.133333 4.166667 4.200000 4.233333
4.266667 4.300000 4.333333 4.366667 4.400000 4.433333 4.466667 4.500000 4.533333 4.566667 4.600000 4.633333 4.666667 4.700000 4.733333 4.766667
4.800000 4.833333 4.866667 4.900000 4.933333 4.966667 5.000000 5.033333 5.066667 5.100000</float_array>
        <technique_common>
          <accessor source="#mixamorig_Spine-Matrix-animation-input-array" count="154">
            <param name="TIME" type="float"/>
          </accessor>
        </technique_common>
      </source>
      <source id="mixamorig_Spine-Matrix-animation-output-transform">
        <float_array id="mixamorig_Spine-Matrix-animation-output-transform-array" count="2464">

0.999996 -0.000777 -0.002620 0.000000 0.000764 0.999988 -0.004824 10.181600 0.002624 0.004822 0.999985 0.131500 0.000000 0.000000 0.000000 1.000000
0.999996 -0.000834 -0.002697 0.000000 0.000820 0.999988 -0.004896 10.181600 0.002701 0.004893 0.999984 0.131500 0.000000 0.000000 0.000000 1.000000
0.999996 -0.000884 -0.002764 0.000000 0.000871 0.999987 -0.004967 10.181600 0.002768 0.004964 0.999984 0.131500 0.000000 0.000000 0.000000 1.000000
0.999996 -0.000954 -0.002792 0.000000 0.000940 0.999987 -0.005028 10.181600 0.002797 0.005026 0.999983 0.131500 0.000000 0.000000 0.000000 1.000000
0.999996 -0.000979 -0.002784 0.000000 0.000965 0.999987 -0.005061 10.181600 0.002789 0.005058 0.999983 0.131500 0.000000 0.000000 0.000000 1.000000
0.999996 -0.001002 -0.002773 -0.000000 0.000988 0.999987 -0.005063 10.181600 0.002778 0.005060 0.999983 0.131500 0.000000 0.000000 0.000000 1.000000
0.999996 -0.001014 -0.002763 -0.000000 0.001001 0.999987 -0.005057 10.181600 0.002768 0.005054 0.999983 0.131500 0.000000 0.000000 0.000000 1.000000
0.999996 -0.001019 -0.002749 0.000000 0.001005 0.999987 -0.005059 10.181600 0.002754 0.005056 0.999983 0.131500 0.000000 0.000000 0.000000 1.000000
0.999996 -0.001025 -0.002747 0.000000 0.001011 0.999987 -0.005071 10.181600 0.002753 0.005069 0.999983 0.131500 0.000000 0.000000 0.000000 1.000000
0.999996 -0.001045 -0.002769 0.000000 0.001031 0.999987 -0.005089 10.181600 0.002774 0.005086 0.999983 0.131500 0.000000 0.000000 0.000000 1.000000
0.999996 -0.001087 -0.002795 0.000000 0.001073 0.999986 -0.005091 10.181600 0.002800 0.005088 0.999983 0.131500 0.000000 0.000000 0.000000 1.000000
0.999996 -0.001104 -0.002786 0.000000 0.001090 0.999987 -0.005067 10.181600 0.002792 0.005064 0.999983 0.131500 0.000000 0.000000 0.000000 1.000000
0.999996 -0.001106 -0.002724 0.000000 0.001093 0.999987 -0.005049 10.181600 0.002730 0.005046 0.999984 0.131500 0.000000 0.000000 0.000000 1.000000
0.999996 -0.001141 -0.002634 0.000000 0.001128 0.999987 -0.005061 10.181600 0.002639 0.005058 0.999984 0.131500 0.000000 0.000000 0.000000 1.000000
0.999996 -0.001191 -0.002554 -0.000000 0.001178 0.999986 -0.005097 10.181600 0.002560 0.005094 0.999984 0.131500 0.000000 0.000000 0.000000 1.000000
0.999996 -0.001236 -0.002505 0.000000 0.001223 0.999986 -0.005144 10.181600 0.002512 0.005141 0.999984 0.131500 0.000000 0.000000 0.000000 1.000000
0.999996 -0.001265 -0.002471 0.000000 0.001253 0.999986 -0.005183 10.181600 0.002478 0.005180 0.999984 0.131500 0.000000 0.000000 0.000000 1.000000
0.999996 -0.001262 -0.002424 0.000000 0.001249 0.999986 -0.005210 10.181600 0.002431 0.005207 0.999983 0.131500 0.000000 0.000000 0.000000 1.000000
0.999996 -0.001241 -0.002359 -0.000000 0.001229 0.999986 -0.005241 10.181600 0.002365 0.005238 0.999983 0.131500 0.000000 0.000000 0.000000 1.000000
0.999997 -0.001208 -0.002303 0.000000 0.001196 0.999985 -0.005283 10.181600 0.002309 0.005280 0.999983 0.131500 0.000000 0.000000 0.000000 1.000000
0.999997 -0.001208 -0.002285 0.000000 0.001196 0.999985 -0.005329 10.181600 0.002291 0.005326 0.999983 0.131500 0.000000 0.000000 0.000000 1.000000
0.999997 -0.001223 -0.002280 0.000000 0.001211 0.999985 -0.005380 10.181600 0.002287 0.005377 0.999983 0.131500 0.000000 0.000000 0.000000 1.000000
0.999997 -0.001253 -0.002260 0.000000 0.001241 0.999984 -0.005440 10.181600 0.002267 0.005438 0.999983 0.131500 0.000000 0.000000 0.000000 1.000000
0.999997 -0.001275 -0.002229 0.000000 0.001263 0.999984 -0.005502 10.181600 0.002236 0.005499 0.999982 0.131500 0.000000 0.000000 0.000000 1.000000
0.999997 -0.001275 -0.002209 0.000000 0.001263 0.999984 -0.005548 10.181600 0.002216 0.005545 0.999982 0.131500 0.000000 0.000000 0.000000 1.000000
0.999997 -0.001263 -0.002219 -0.000000 0.001251 0.999984 -0.005575 10.181600 0.002226 0.005572 0.999982 0.131500 0.000000 0.000000 0.000000 1.000000
0.999997 -0.001262 -0.002245 0.000000 0.001250 0.999984 -0.005595 10.181600 0.002252 0.005592 0.999982 0.131500 0.000000 0.000000 0.000000 1.000000
0.999997 -0.001278 -0.002239 -0.000000 0.001265 0.999983 -0.005610 10.181600 0.002246 0.005607 0.999982 0.131500 0.000000 0.000000 0.000000 1.000000
0.999997 -0.001312 -0.002178 -0.000000 0.001300 0.999983 -0.005609 10.181600 0.002185 0.005606 0.999982 0.131500 0.000000 0.000000 0.000000 1.000000
0.999997 -0.001319 -0.002089 0.000000 0.001308 0.999984 -0.005587 10.181600 0.002096 0.005584 0.999982 0.131500 0.000000 0.000000 0.000000 1.000000
0.999997 -0.001319 -0.002023 0.000000 0.001308 0.999984 -0.005566 10.181600 0.002030 0.005563 0.999982 0.131500 0.000000 0.000000 0.000000 1.000000
0.999997 -0.001363 -0.001988 0.000000 0.001352 0.999984 -0.005564 10.181600 0.001996 0.005561 0.999983 0.131500 0.000000 0.000000 0.000000 1.000000
0.999997 -0.001466 -0.001953 -0.000000 0.001455 0.999983 -0.005568 10.181600 0.001961 0.005565 0.999983 0.131500 0.000000 0.000000 0.000000 1.000000
0.999997 -0.001782 -0.001906 -0.000000 0.001771 0.999983 -0.005569 10.181600 0.001916 0.005565 0.999983 0.131500 0.000000 0.000000 0.000000 1.000000
0.999996 -0.002101 -0.001839 0.000000 0.002091 0.999982 -0.005580 10.181600 0.001851 0.005576 0.999983 0.131500 0.000000 0.000000 0.000000 1.000000
0.999995 -0.002484 -0.001783 0.000000 0.002474 0.999981 -0.005591 10.181600 0.001797 0.005586 0.999983 0.131500 0.000000 0.000000 0.000000 1.000000
0.999996 -0.002439 -0.001685 0.000000 0.002430 0.999982 -0.005500 10.181600 0.001698 0.005496 0.999983 0.131500 0.000000 0.000000 0.000000 1.000000
0.999996 -0.002316 -0.001590 -0.000000 0.002308 0.999984 -0.005226 10.181600 0.001603 0.005222 0.999985 0.131500 0.000000 0.000000 0.000000 1.000000
0.999996 -0.002148 -0.001589 -0.000000 0.002140 0.999986 -0.004847 10.181600 0.001599 0.004844 0.999987 0.131500 0.000000 0.000000 0.000000 1.000000
0.999997 -0.001817 -0.001804 -0.000000 0.001809 0.999988 -0.004533 10.181600 0.001812 0.004530 0.999988 0.131500 0.000000 0.000000 0.000000 1.000000
0.999997 -0.001293 -0.002275 0.000000 0.001283 0.999989 -0.004449 10.181600 0.002281 0.004446 0.999988 0.131500 0.000000 0.000000 0.000000 1.000000
0.999996 -0.000772 -0.002835 -0.000000 0.000758 0.999989 -0.004734 10.181600 0.002839 0.004732 0.999985 0.131500 0.000000 0.000000 0.000000 1.000000
0.999995 -0.000430 -0.003244 0.000000 0.000413 0.999986 -0.005323 10.181600 0.003246 0.005321 0.999981 0.131500 0.000000 0.000000 0.000000 1.000000
0.999994 -0.000244 -0.003448 0.000000 0.000223 0.999983 -0.005909 10.181600 0.003449 0.005908 0.999977 0.131500 0.000000 0.000000 0.000000 1.000000
0.999994 -0.000143 -0.003567 -0.000000 0.000121 0.999980 -0.006279 10.181600 0.003568 0.006278 0.999974 0.131500 0.000000 0.000000 0.000000 1.000000
0.999993 -0.000090 -0.003693 0.000000 0.000066 0.999979 -0.006495 10.181600 0.003693 0.006495 0.999972 0.131500 0.000000 0.000000 0.000000 1.000000
0.999993 -0.000003 -0.003767 0.000000 -0.000023 0.999977 -0.006741 10.181600 0.003767 0.006741 0.999970 0.131500 0.000000 0.000000 0.000000 1.000000
0.999993 0.000135 -0.003691 0.000000 -0.000161 0.999974 -0.007153 10.181600 0.003690 0.007154 0.999968 0.131500 0.000000 0.000000 0.000000 1.000000
0.999994 0.000476 -0.003453 0.000000 -0.000503 0.999970 -0.007719 10.181600 0.003450 0.007721 0.999964 0.131500 0.000000 0.000000 0.000000 1.000000
0.999995 0.000794 -0.003150 -0.000000 -0.000820 0.999965 -0.008346 10.181600 0.003143 0.008349 0.999960 0.131500 0.000000 0.000000 0.000000 1.000000
0.999996 0.001005 -0.002803 0.000000 -0.001030 0.999959 -0.008989 10.181600 0.002794 0.008992 0.999956 0.131500 0.000000 0.000000 0.000000 1.000000
0.999996 0.001383 -0.002319 0.000000 -0.001405 0.999952 -0.009647 10.181600 0.002306 0.009650 0.999951 0.131500 0.000000 0.000000 0.000000 1.000000
0.999997 0.001772 -0.001680 -0.000000 -0.001789 0.999946 -0.010281 10.181600 0.001662 0.010284 0.999946 0.131500 0.000000 0.000000 0.000000 1.000000
0.999997 0.002243 -0.001013 0.000000 -0.002254 0.999939 -0.010813 10.181600 0.000988 0.010815 0.999941 0.131500 0.000000 0.000000 0.000000 1.000000
0.999996 0.002723 -0.000560 -0.000000 -0.002729 0.999933 -0.011208 10.181600 0.000529 0.011209 0.999937 0.131500 0.000000 0.000000 0.000000 1.000000
0.999995 0.003109 -0.000455 -0.000000 -0.003114 0.999929 -0.011507 10.181600 0.000420 0.011509 0.999934 0.131500 0.000000 0.000000 0.000000 1.000000
0.999994 0.003313 -0.000614 0.000000 -0.003320 0.999925 -0.011768 10.181600 0.000575 0.011770 0.999931 0.131500 0.000000 0.000000 0.000000 1.000000
0.999994 0.003347 -0.000794 -0.000000 -0.003356 0.999922 -0.011996 10.181600 0.000754 0.011999 0.999928 0.131500 0.000000 0.000000 0.000000 1.000000
0.999994 0.003299 -0.000759 -0.000000 -0.003308 0.999921 -0.012153 10.181600 0.000719 0.012155 0.999926 0.131500 0.000000 0.000000 0.000000 1.000000
0.999995 0.003238 -0.000471 0.000000 -0.003244 0.999920 -0.012257 10.181600 0.000432 0.012259 0.999925 0.131500 0.000000 0.000000 0.000000 1.000000
0.999995 0.003198 -0.000118 0.000000 -0.003199 0.999918 -0.012405 10.181600 0.000079 0.012406 0.999923 0.131500 0.000000 0.000000 0.000000 1.000000
0.999995 0.003166 0.000116 -0.000000 -0.003165 0.999915 -0.012621 10.181600 -0.000156 0.012621 0.999920 0.131500 0.000000 0.000000 0.000000 1.000000
0.999995 0.003126 0.000158 0.000000 -0.003124 0.999913 -0.012809 10.181600 -0.000198 0.012809 0.999918 0.131500 0.000000 0.000000 0.000000 1.000000
0.999995 0.003099 -0.000004 0.000000 -0.003099 0.999912 -0.012896 10.181600 -0.000035 0.012896 0.999917 0.131500 0.000000 0.000000 0.000000 1.000000
0.999995 0.003097 -0.000301 0.000000 -0.003101 0.999912 -0.012918 10.181600 0.000261 0.012919 0.999917 0.131500 0.000000 0.000000 0.000000 1.000000
0.999995 0.003110 -0.000579 -0.000000 -0.003117 0.999911 -0.012959 10.181600 0.000539 0.012960 0.999916 0.131500 0.000000 0.000000 0.000000 1.000000
0.999995 0.003144 -0.000708 -0.000000 -0.003153 0.999910 -0.013049 10.181600 0.000667 0.013052 0.999915 0.131500 0.000000 0.000000 0.000000 1.000000
0.999995 0.003195 -0.000640 0.000000 -0.003203 0.999909 -0.013130 10.181600 0.000598 0.013132 0.999914 0.131500 0.000000 0.000000 0.000000 1.000000
0.999995 0.003226 -0.000453 0.000000 -0.003232 0.999909 -0.013112 10.181600 0.000410 0.013113 0.999914 0.131500 0.000000 0.000000 0.000000 1.000000
0.999995 0.003218 -0.000341 0.000000 -0.003222 0.999911 -0.012971 10.181600 0.000299 0.012972 0.999916 0.131500 0.000000 0.000000 0.000000 1.000000
