<?xml version="1.0" encoding="utf-8"?>
<COLLADA xmlns="http://www.collada.org/2005/11/COLLADASchema" version="1.4.1">
  <asset>
    <contributor>
      <author>Mixamo</author>
      <authoring_tool>COLLADA Mixamo exporter</authoring_tool>
      <comments/>
    </contributor>
    <created>2021-11-11T20:31:01Z</created>
    <modified>2021-11-11T20:31:01Z</modified>
    <revision/>
    <title/>
    <unit meter="0.010000"/>
    <up_axis>Y_UP</up_axis>
  </asset>
  <library_animations>
    <animation id="mixamorig_Hips-anim" name="mixamorig_Hips">
      <source id="mixamorig_Hips-Matrix-animation-input">
        <float_array id="mixamorig_Hips-Matrix-animation-input-array" count="32">

0.000000 0.033333 0.066667 0.100000 0.133333 0.166667 0.200000 0.233333 0.266667 0.300000 0.333333 0.366667 0.400000 0.433333 0.466667 0.500000
0.533333 0.566667 0.600000 0.633333 0.666667 0.700000 0.733333 0.766667 0.800000 0.833333 0.866667 0.900000 0.933333 0.966667 1.000000 1.033333</float_array>
        <technique_common>
          <accessor source="#mixamorig_Hips-Matrix-animation-input-array" count="32">
            <param name="TIME" type="float"/>
          </accessor>
        </technique_common>
      </source>
      <source id="mixamorig_Hips-Matrix-animation-output-transform">
        <float_array id="mixamorig_Hips-Matrix-animation-output-transform-array" count="512">

0.999421 0.004033 0.033775 0.090278 -0.002890 0.999423 -0.033835 102.385422 -0.033892 0.033717 0.998857 1.616363 0.000000 0.000000 0.000000 1.000000
0.999716 0.000339 0.023829 0.223311 0.000716 0.999020 -0.044250 103.133644 -0.023820 0.044254 0.998736 6.782418 0.000000 0.000000 0.000000 1.000000
0.999917 0.001704 0.012803 0.424074 -0.000990 0.998457 -0.055516 103.116135 -0.012878 0.055498 0.998376 11.902226 0.000000 0.000000 0.000000 1.000000
0.999669 0.024583 -0.007627 0.716380 -0.025017 0.997681 -0.063301 102.150650 0.006053 0.063471 0.997965 17.149399 0.000000 0.000000 0.000000 1.000000
0.998198 0.048904 -0.034784 0.977964 -0.051121 0.996510 -0.065990 100.543922 0.031436 0.067649 0.997214 22.692213 0.000000 0.000000 0.000000 1.000000
0.996734 0.059195 -0.054925 1.250943 -0.062921 0.995646 -0.068775 98.780357 0.050614 0.072006 0.996119 28.359079 0.000000 0.000000 0.000000 1.000000
0.996183 0.057503 -0.065669 1.583631 -0.062023 0.995687 -0.068997 97.395798 0.061418 0.072807 0.995453 33.963020 0.000000 0.000000 0.000000 1.000000
0.997195 0.043344 -0.061024 2.014216 -0.046581 0.997525 -0.052662 96.401451 0.058591 0.055356 0.996746 40.136936 0.000000 0.000000 0.000000 1.000000
0.998186 0.033472 -0.050043 2.668200 -0.035485 0.998574 -0.039884 96.019348 0.048637 0.041587 0.997950 46.945835 0.000000 0.000000 0.000000 1.000000
0.998914 0.025088 -0.039267 3.402247 -0.026209 0.999256 -0.028301 95.790291 0.038528 0.029300 0.998828 53.564949 0.000000 0.000000 0.000000 1.000000
0.999323 0.023797 -0.028051 4.106658 -0.024307 0.999543 -0.017981 95.538528 0.027611 0.018650 0.999445 59.899532 0.000000 0.000000 0.000000 1.000000
0.999645 0.021950 -0.015104 4.762743 -0.022087 0.999716 -0.008982 95.724960 0.014903 0.009313 0.999846 65.748352 0.000000 0.000000 0.000000 1.000000
0.999889 0.014687 -0.002420 5.215718 -0.014690 0.999891 -0.001292 96.249969 0.002401 0.001328 0.999996 71.035698 0.000000 0.000000 0.000000 1.000000
0.999925 0.005665 0.010840 5.358384 -0.005720 0.999971 0.005061 97.422073 -0.010811 -0.005122 0.999928 76.098747 0.000000 0.000000 0.000000 1.000000
0.999692 -0.002696 0.024668 5.239238 0.002448 0.999946 0.010080 98.855728 -0.024694 -0.010017 0.999645 81.140388 0.000000 0.000000 0.000000 1.000000
0.999183 -0.011486 0.038736 4.909949 0.010960 0.999845 0.013780 100.028549 -0.038888 -0.013345 0.999154 86.405724 0.000000 0.000000 0.000000 1.000000
0.998379 -0.020137 0.053242 4.591374 0.019428 0.999716 0.013796 100.985207 -0.053505 -0.012739 0.998486 91.901428 0.000000 0.000000 0.000000 1.000000
0.997371 -0.026483 0.067449 4.310024 0.025904 0.999620 0.009445 101.442673 -0.067673 -0.007673 0.997678 97.419968 0.000000 0.000000 0.000000 1.000000
0.996302 -0.029695 0.080626 4.012711 0.029819 0.999555 -0.000334 101.352097 -0.080580 0.002737 0.996744 102.917503 0.000000 0.000000 0.000000 1.000000
0.994108 -0.044444 0.098866 3.613318 0.045939 0.998861 -0.012889 100.869759 -0.098181 0.017355 0.995017 108.555862 0.000000 0.000000 0.000000 1.000000
0.991363 -0.056963 0.118130 3.216943 0.060496 0.997816 -0.026538 99.820038 -0.116360 0.033456 0.992643 114.300842 0.000000 0.000000 0.000000 1.000000
0.989730 -0.061994 0.128805 2.828828 0.067937 0.996794 -0.042269 98.721329 -0.125771 0.050585 0.990769 119.840881 0.000000 0.000000 0.000000 1.000000
0.989854 -0.058426 0.129521 2.286719 0.064721 0.996891 -0.044934 97.336693 -0.126493 0.052860 0.990558 125.752686 0.000000 0.000000 0.000000 1.000000
0.992237 -0.037790 0.118478 1.652590 0.041699 0.998659 -0.030688 96.296082 -0.117159 0.035390 0.992482 132.141693 0.000000 0.000000 0.000000 1.000000
0.994026 -0.024688 0.106314 0.963755 0.027633 0.999272 -0.026313 95.672050 -0.105587 0.029094 0.993984 138.607285 0.000000 0.000000 0.000000 1.000000
0.995332 -0.014459 0.095420 0.287084 0.016940 0.999538 -0.025237 95.336098 -0.095011 0.026735 0.995117 144.650513 0.000000 0.000000 0.000000 1.000000
0.996406 -0.012903 0.083714 -0.450515 0.015191 0.999527 -0.026758 95.778587 -0.083330 0.027933 0.996130 150.428207 0.000000 0.000000 0.000000 1.000000
0.997282 -0.010150 0.072972 -0.987700 0.012351 0.999480 -0.029770 96.566406 -0.072632 0.030590 0.996890 155.368210 0.000000 0.000000 0.000000 1.000000
0.997994 -0.004371 0.063156 -1.077784 0.006475 0.999429 -0.033154 97.759949 -0.062975 0.033497 0.997453 159.943069 0.000000 0.000000 0.000000 1.000000
0.998588 -0.001199 0.053115 -0.793025 0.003102 0.999356 -0.035756 99.361267 -0.053038 0.035870 0.997948 164.690857 0.000000 0.000000 0.000000 1.000000
0.999061 0.001309 0.043304 -0.338585 0.000267 0.999338 -0.036385 100.994690 -0.043323 0.036363 0.998399 169.402817 0.000000 0.000000 0.000000 1.000000
0.999421 0.004033 0.033775 0.090278 -0.002890 0.999423 -0.033835 102.385422 -0.033892 0.033717 0.998857 174.059601 0.000000 0.000000 0.000000 1.000000</float_array>
        <technique_common>
          <accessor source="#mixamorig_Hips-Matrix-animation-output-transform-array" count="32" stride="16">
            <param type="float4x4"/>
          </accessor>
        </technique_common>
      </source>
      <source id="mixamorig_Hips-Interpolations">
        <Name_array id="mixamorig_Hips-Interpolations-array" count="32">
 LINEAR LINEAR LINEAR LINEAR LINEAR LINEAR LINEAR LINEAR LINEAR LINEAR LINEAR
LINEAR LINEAR LINEAR LINEAR LINEAR LINEAR LINEAR LINEAR LINEAR LINEAR LINEAR LINEAR
LINEAR LINEAR LINEAR LINEAR LINEAR LINEAR LINEAR LINEAR LINEAR</Name_array>
        <technique_common>
          <accessor source="#mixamorig_Hips-Interpolations-array" count="32">
            <param type="name"/>
          </accessor>
        </technique_common>
      </source>
      <sampler id="mixamorig_Hips-Matrix-animation-transform">
        <input semantic="INPUT" source="#mixamorig_Hips-Matrix-animation-input"/>
        <input semantic="OUTPUT" source="#mixamorig_Hips-Matrix-animation-output-transform"/>
        <input semantic="INTERPOLATION" source="#mixamorig_Hips-Interpolations"/>
      </sampler>
      <channel source="#mixamorig_Hips-Matrix-animation-transform" target="mixamorig_Hips/matrix"/>
    </animation>
    <animation id="mixamorig_Spine-anim" name="mixamorig_Spine">
      <source id="mixamorig_Spine-Matrix-animation-input">
        <float_array id="mixamorig_Spine-Matrix-animation-input-array" count="32">

0.000000 0.033333 0.066667 0.100000 0.133333 0.166667 0.200000 0.233333 0.266667 0.300000 0.333333 0.366667 0.400000 0.433333 0.466667 0.500000
0.533333 0.566667 0.600000 0.633333 0.666667 0.700000 0.733333 0.766667 0.800000 0.833333 0.866667 0.900000 0.933333 0.966667 1.000000 1.033333</float_array>
        <technique_common>
          <accessor source="#mixamorig_Spine-Matrix-animation-input-array" count="32">
            <param name="TIME" type="float"/>
          </accessor>
        </technique_common>
      </source>
      <source id="mixamorig_Spine-Matrix-animation-output-transform">
        <float_array id="mixamorig_Spine-Matrix-animation-output-transform-array" count="512">

0.999752 -0.002028 -0.022178 0.000000 -0.000369 0.994199 -0.107560 10.181600 0.022267 0.107541 0.993951 0.131500 0.000000 0.000000 0.000000 1.000000
0.999982 0.002803 -0.005261 -0.000000 -0.003318 0.994915 -0.100666 10.181600 0.004952 0.100682 0.994906 0.131500 0.000000 0.000000 0.000000 1.000000
0.999919 -0.004013 0.012109 -0.000000 0.005122 0.995656 -0.092969 10.181600 -0.011683 0.093024 0.995595 0.131500 0.000000 0.000000 0.000000 1.000000
0.998361 -0.041005 0.039918 0.000000 0.044219 0.995544 -0.083289 10.181600 -0.036325 0.084917 0.995726 0.131500 0.000000 0.000000 0.000000 1.000000
0.995362 -0.072108 0.063679 -0.000000 0.076599 0.994519 -0.071160 10.181600 -0.058199 0.075707 0.995430 0.131500 0.000000 0.000000 0.000000 1.000000
0.994568 -0.076699 0.070369 0.000000 0.081082 0.994796 -0.061701 10.181600 -0.065271 0.067072 0.995611 0.131500 0.000000 0.000000 0.000000 1.000000
0.995153 -0.063268 0.075283 0.000000 0.067955 0.995796 -0.061424 10.181600 -0.071080 0.066242 0.995269 0.131500 0.000000 0.000000 0.000000 1.000000
0.996354 -0.034348 0.078093 0.000000 0.039819 0.996779 -0.069610 10.181600 -0.075451 0.072466 0.994513 0.131500 0.000000 0.000000 0.000000 1.000000
0.997080 -0.011935 0.075432 0.000000 0.016644 0.997931 -0.062104 10.181600 -0.074535 0.063178 0.995215 0.131500 0.000000 0.000000 0.000000 1.000000
0.997501 0.011910 0.069643 0.000000 -0.007720 0.998161 -0.060122 10.181600 -0.070231 0.059434 0.995759 0.131500 0.000000 0.000000 0.000000 1.000000
0.997457 0.016999 0.069209 0.000000 -0.012551 0.997858 -0.064195 10.181600 -0.070152 0.063163 0.995535 0.131500 0.000000 0.000000 0.000000 1.000000
0.998335 0.013719 0.056029 0.000000 -0.009803 0.997527 -0.069592 10.181600 -0.056845 0.068927 0.996001 0.131500 0.000000 0.000000 0.000000 1.000000
0.999681 0.010344 0.023041 0.000000 -0.008556 0.997043 -0.076372 10.181600 -0.023763 0.076151 0.996813 0.131500 0.000000 0.000000 0.000000 1.000000
0.999904 0.008441 -0.010955 0.000000 -0.009326 0.996469 -0.083440 10.181600 0.010212 0.083534 0.996453 0.131500 0.000000 0.000000 0.000000 1.000000
0.999342 0.010158 -0.034824 0.000000 -0.013191 0.996031 -0.088021 10.181600 0.033792 0.088422 0.995510 0.131500 0.000000 0.000000 0.000000 1.000000
0.998281 0.020073 -0.055057 0.000000 -0.024810 0.995921 -0.086748 10.181600 0.053091 0.087965 0.994708 0.131500 0.000000 0.000000 0.000000 1.000000
0.996709 0.029217 -0.075619 -0.000000 -0.035540 0.995860 -0.083670 10.181600 0.072862 0.086082 0.993620 0.131500 0.000000 0.000000 0.000000 1.000000
0.994974 0.034897 -0.093856 0.000000 -0.042926 0.995462 -0.084933 10.181600 0.090466 0.088535 0.991956 0.131500 0.000000 0.000000 0.000000 1.000000
0.993364 0.040812 -0.107531 -0.000000 -0.050083 0.995123 -0.084982 10.181600 0.103539 0.089804 0.990563 0.131500 0.000000 0.000000 0.000000 1.000000
0.989917 0.066804 -0.124909 0.000000 -0.076774 0.994088 -0.076782 10.181600 0.119042 0.085598 0.989193 0.131500 0.000000 0.000000 0.000000 1.000000
0.987006 0.086906 -0.135156 0.000000 -0.096104 0.993371 -0.063078 10.181600 0.128778 0.075247 0.988815 0.131500 0.000000 0.000000 0.000000 1.000000
0.987812 0.084873 -0.130474 -0.000000 -0.092507 0.994269 -0.053594 10.181600 0.125178 0.065011 0.990002 0.131500 0.000000 0.000000 0.000000 1.000000
0.990098 0.071639 -0.120721 0.000000 -0.079062 0.995189 -0.057862 10.181600 0.115995 0.066833 0.990999 0.131500 0.000000 0.000000 0.000000 1.000000
0.993167 0.040517 -0.109445 -0.000000 -0.048621 0.996189 -0.072415 10.181600 0.106094 0.077242 0.991351 0.131500 0.000000 0.000000 0.000000 1.000000
0.993576 0.015174 -0.112145 0.000000 -0.023337 0.997143 -0.071837 10.181600 0.110735 0.073992 0.991092 0.131500 0.000000 0.000000 0.000000 1.000000
0.992267 0.004998 -0.124017 0.000000 -0.013519 0.997596 -0.067970 10.181600 0.123379 0.069121 0.989949 0.131500 0.000000 0.000000 0.000000 1.000000
0.993089 0.011029 -0.116845 -0.000000 -0.018780 0.997679 -0.065449 10.181600 0.115852 0.067191 0.990991 0.131500 0.000000 0.000000 0.000000 1.000000
0.995892 0.017693 -0.088805 -0.000000 -0.024238 0.997025 -0.073173 10.181600 0.087247 0.075025 0.993358 0.131500 0.000000 0.000000 0.000000 1.000000
0.997956 0.016518 -0.061735 0.000000 -0.021572 0.996389 -0.082120 10.181600 0.060156 0.083283 0.994709 0.131500 0.000000 0.000000 0.000000 1.000000
0.998969 0.011721 -0.043854 -0.000000 -0.015479 0.996145 -0.086351 10.181600 0.042673 0.086941 0.995299 0.131500 0.000000 0.000000 0.000000 1.000000
0.999485 0.004874 -0.031718 0.000000 -0.007823 0.995586 -0.093524 10.181600 0.031122 0.093724 0.995112 0.131500 0.000000 0.000000 0.000000 1.000000
0.999752 -0.002028 -0.022178 0.000000 -0.000369 0.994199 -0.107560 10.181600 0.022267 0.107541 0.993951 0.131500 0.000000 0.000000 0.000000 1.000000</float_array>
        <technique_common>
          <accessor source="#mixamorig_Spine-Matrix-animation-output-transform-array" count="32" stride="16">
            <param type="float4x4"/>
          </accessor>
        </technique_common>
      </source>
      <source id="mixamorig_Spine-Interpolations">
        <Name_array id="mixamorig_Spine-Interpolations-array" count="32">
 LINEAR LINEAR LINEAR LINEAR LINEAR LINEAR LINEAR LINEAR LINEAR LINEAR LINEAR
LINEAR LINEAR LINEAR LINEAR LINEAR LINEAR LINEAR LINEAR LINEAR LINEAR LINEAR LINEAR
LINEAR LINEAR LINEAR LINEAR LINEAR LINEAR LINEAR LINEAR LINEAR</Name_array>
        <technique_common>
          <accessor source="#mixamorig_Spine-Interpolations-array" count="32">
            <param type="name"/>
          </accessor>
        </technique_common>
      </source>
      <sampler id="mixamorig_Spine-Matrix-animation-transform">
        <input semantic="INPUT" source="#mixamorig_Spine-Matrix-animation-input"/>
        <input semantic="OUTPUT" source="#mixamorig_Spine-Matrix-animation-output-transform"/>
        <input semantic="INTERPOLATION" source="#mixamorig_Spine-Interpolations"/>
      </sampler>
      <channel source="#mixamorig_Spine-Matrix-animation-transform" target="mixamorig_Spine/matrix"/>
    </animation>
    <animation id="mixamorig_Spine1-anim" name="mixamorig_Spine1">
      <source id="mixamorig_Spine1-Matrix-animation-input">
        <float_array id="mixamorig_Spine1-Matrix-animation-input-array" count="32">

0.000000 0.033333 0.066667 0.100000 0.133333 0.166667 0.200000 0.233333 0.266667 0.300000 0.333333 0.366667 0.400000 0.433333 0.466667 0.500000
0.533333 0.566667 0.600000 0.633333 0.666667 0.700000 0.733333 0.766667 0.800000 0.833333 0.866667 0.900000 0.933333 0.966667 1.000000 1.033333</float_array>
        <technique_common>
          <accessor source="#mixamorig_Spine1-Matrix-animation-input-array" count="32">
            <param name="TIME" type="float"/>
          </accessor>
        </technique_common>
      </source>
      <source id="mixamorig_Spine1-Matrix-animation-output-transform">
        <float_array id="mixamorig_Spine1-Matrix-animation-output-transform-array" count="512">

0.998877 -0.021488 -0.042215 0.000000 0.019647 0.998858 -0.043549 10.083500 0.043103 0.042670 0.998159 -1.000800 0.000000 0.000000 0.000000 1.000000
0.999414 -0.011801 -0.032122 0.000000 0.010546 0.999185 -0.038965 10.083500 0.032556 0.038603 0.998724 -1.000800 0.000000 0.000000 0.000000 1.000000
0.999764 0.000591 -0.021709 -0.000000 -0.001354 0.999382 -0.035128 10.083500 0.021675 0.035150 0.999147 -1.000800 0.000000 0.000000 0.000000 1.000000
0.999771 0.018103 -0.011382 0.000000 -0.018481 0.999250 -0.034039 10.083500 0.010758 0.034241 0.999356 -1.000800 0.000000 0.000000 0.000000 1.000000
0.999523 0.030890 0.000516 0.000000 -0.030853 0.998911 -0.034993 10.083500 -0.001597 0.034961 0.999387 -1.000800 0.000000 0.000000 0.000000 1.000000
0.999336 0.033079 0.015279 0.000000 -0.032528 0.998857 -0.035021 10.083500 -0.016420 0.034501 0.999270 -1.000800 0.000000 0.000000 0.000000 1.000000
0.999084 0.030720 0.029802 0.000000 -0.029658 0.998931 -0.035444 10.083500 -0.030859 0.034528 0.998927 -1.000800 0.000000 0.000000 0.000000 1.000000
0.998768 0.029010 0.040255 0.000000 -0.027522 0.998935 -0.037021 10.083500 -0.041286 0.035867 0.998503 -1.000800 0.000000 0.000000 0.000000 1.000000
0.998661 0.025117 0.045220 0.000000 -0.023603 0.999153 -0.033702 10.083500 -0.046028 0.032590 0.998408 -1.000800 0.000000 0.000000 0.000000 1.000000
0.998998 0.013644 0.042636 0.000000 -0.012543 0.999584 -0.025982 10.083500 -0.042973 0.025421 0.998753 -1.000800 0.000000 0.000000 0.000000 1.000000
0.999347 0.012356 0.033947 0.000000 -0.011604 0.999685 -0.022242 10.083500 -0.034211 0.021833 0.999176 -1.000800 0.000000 0.000000 0.000000 1.000000
0.999562 0.012609 0.026772 0.000000 -0.012006 0.999673 -0.022560 10.083500 -0.027048 0.022228 0.999387 -1.000800 0.000000 0.000000 0.000000 1.000000
0.999796 0.009744 0.017680 0.000000 -0.009276 0.999609 -0.026383 10.083500 -0.017930 0.026213 0.999496 -1.000800 0.000000 0.000000 0.000000 1.000000
0.999977 0.006712 0.000963 0.000000 -0.006679 0.999497 -0.030990 10.083500 -0.001171 0.030983 0.999519 -1.000800 0.000000 0.000000 0.000000 1.000000
0.999805 0.004416 -0.019235 0.000000 -0.005055 0.999433 -0.033289 10.083500 0.019077 0.033380 0.999261 -1.000800 0.000000 0.000000 0.000000 1.000000
0.999306 -0.002008 -0.037189 0.000000 0.000730 0.999409 -0.034353 10.083500 0.037236 0.034302 0.998718 -1.000800 0.000000 0.000000 0.000000 1.000000
0.998479 -0.009706 -0.054266 0.000000 0.007775 0.999333 -0.035679 10.083500 0.054576 0.035203 0.997889 -1.000800 0.000000 0.000000 0.000000 1.000000
0.997222 -0.018320 -0.072204 0.000000 0.015709 0.999208 -0.036565 10.083500 0.072817 0.035330 0.996719 -1.000800 0.000000 0.000000 0.000000 1.000000
0.995594 -0.029975 -0.088847 0.000000 0.026677 0.998918 -0.038082 10.083500 0.089892 0.035544 0.995317 -1.000800 0.000000 0.000000 0.000000 1.000000
0.993593 -0.046226 -0.103133 0.000000 0.041965 0.998189 -0.043108 10.083500 0.104939 0.038504 0.993733 -1.000800 0.000000 0.000000 0.000000 1.000000
0.991398 -0.057175 -0.117730 0.000000 0.051915 0.997532 -0.047274 10.083500 0.120142 0.040756 0.991920 -1.000800 0.000000 0.000000 0.000000 1.000000
0.989758 -0.056947 -0.130909 0.000000 0.051333 0.997627 -0.045877 10.083500 0.133210 0.038687 0.990332 -1.000800 0.000000 0.000000 0.000000 1.000000
0.988911 -0.054690 -0.138076 0.000000 0.048865 0.997781 -0.045235 10.083500 0.140243 0.037986 0.989388 -1.000800 0.000000 0.000000 0.000000 1.000000
0.988725 -0.053723 -0.139775 -0.000000 0.047624 0.997777 -0.046619 10.083500 0.141969 0.039437 0.989085 -1.000800 0.000000 0.000000 0.000000 1.000000
0.989519 -0.047128 -0.136493 0.000000 0.041672 0.998225 -0.042557 10.083500 0.138256 0.036423 0.989727 -1.000800 0.000000 0.000000 0.000000 1.000000
0.990498 -0.049641 -0.128253 -0.000000 0.044612 0.998130 -0.041794 10.083500 0.130088 0.035675 0.990860 -1.000800 0.000000 0.000000 0.000000 1.000000
0.991362 -0.049138 -0.121601 0.000000 0.044488 0.998182 -0.040666 10.083500 0.123378 0.034905 0.991746 -1.000800 0.000000 0.000000 0.000000 1.000000
0.992642 -0.045919 -0.112041 -0.000000 0.041523 0.998285 -0.041268 10.083500 0.113744 0.036312 0.992846 -1.000800 0.000000 0.000000 0.000000 1.000000
0.994686 -0.041358 -0.094283 0.000000 0.037313 0.998323 -0.044271 10.083500 0.095955 0.040517 0.994561 -1.000800 0.000000 0.000000 0.000000 1.000000
0.996778 -0.034783 -0.072281 0.000000 0.031471 0.998424 -0.046463 10.083500 0.073783 0.044039 0.996301 -1.000800 0.000000 0.000000 0.000000 1.000000
0.998163 -0.028060 -0.053688 -0.000000 0.025601 0.998616 -0.045945 10.083500 0.054903 0.044486 0.997500 -1.000800 0.000000 0.000000 0.000000 1.000000
0.998877 -0.021488 -0.042215 0.000000 0.019647 0.998858 -0.043549 10.083500 0.043103 0.042670 0.998159 -1.000800 0.000000 0.000000 0.000000 1.000000</float_array>
        <technique_common>
          <accessor source="#mixamorig_Spine1-Matrix-animation-output-transform-array" count="32" stride="16">
            <param type="float4x4"/>
          </accessor>
        </technique_common>
      </source>
      <source id="mixamorig_Spine1-Interpolations">
        <Name_array id="mixamorig_Spine1-Interpolations-array" count="32">
 LINEAR LINEAR LINEAR LINEAR LINEAR LINEAR LINEAR LINEAR LINEAR LINEAR LINEAR
LINEAR LINEAR LINEAR LINEAR LINEAR LINEAR LINEAR LINEAR LINEAR LINEAR LINEAR LINEAR
LINEAR LINEAR LINEAR LINEAR LINEAR LINEAR LINEAR LINEAR LINEAR</Name_array>
        <technique_common>
          <accessor source="#mixamorig_Spine1-Interpolations-array" count="32">
            <param type="name"/>
          </accessor>
        </technique_common>
      </source>
      <sampler id="mixamorig_Spine1-Matrix-animation-transform">
        <input semantic="INPUT" source="#mixamorig_Spine1-Matrix-animation-input"/>
        <input semantic="OUTPUT" source="#mixamorig_Spine1-Matrix-animation-output-transform"/>
        <input semantic="INTERPOLATION" source="#mixamorig_Spine1-Interpolations"/>
      </sampler>
      <channel source="#mixamorig_Spine1-Matrix-animation-transform" target="mixamorig_Spine1/matrix"/>
    </animation>
    <animation id="mixamorig_Spine2-anim" name="mixamorig_Spine2">
      <source id="mixamorig_Spine2-Matrix-animation-input">
        <float_array id="mixamorig_Spine2-Matrix-animation-input-array" count="32">

0.000000 0.033333 0.066667 0.100000 0.133333 0.166667 0.200000 0.233333 0.266667 0.300000 0.333333 0.366667 0.400000 0.433333 0.466667 0.500000
0.533333 0.566667 0.600000 0.633333 0.666667 0.700000 0.733333 0.766667 0.800000 0.833333 0.866667 0.900000 0.933333 0.966667 1.000000 1.033333</float_array>
        <technique_common>
          <accessor source="#mixamorig_Spine2-Matrix-animation-input-array" count="32">
            <param name="TIME" type="float"/>
          </accessor>
        </technique_common>
      </source>
      <source id="mixamorig_Spine2-Matrix-animation-output-transform">
        <float_array id="mixamorig_Spine2-Matrix-animation-output-transform-array" count="512">

0.998867 -0.023401 -0.041444 0.000000 0.021613 0.998838 -0.043085 9.100000 0.042404 0.042141 0.998211 -1.373400 0.000000 0.000000 0.000000 1.000000
0.999418 -0.013431 -0.031365 -0.000000 0.012214 0.999177 -0.038669 9.100000 0.031859 0.038263 0.998760 -1.373400 0.000000 0.000000 0.000000 1.000000
0.999776 -0.000779 -0.021149 0.000000 0.000041 0.999393 -0.034841 9.100000 0.021164 0.034833 0.999169 -1.373400 0.000000 0.000000 0.000000 1.000000
0.999792 0.017009 -0.011258 0.000000 -0.017376 0.999292 -0.033378 9.100000 0.010682 0.033567 0.999379 -1.373400 0.000000 0.000000 0.000000 1.000000
0.999544 0.030189 0.000256 -0.000000 -0.030163 0.998976 -0.033708 9.100000 -0.001273 0.033685 0.999432 -1.373400 0.000000 0.000000 0.000000 1.000000
0.999353 0.032757 0.014879 -0.000000 -0.032242 0.998914 -0.033624 9.100000 -0.015964 0.033122 0.999324 -1.373400 0.000000 0.000000 0.000000 1.000000
0.999094 0.030832 0.029330 -0.000000 -0.029818 0.998963 -0.034405 9.100000 -0.030360 0.033499 0.998978 -1.373400 0.000000 0.000000 0.000000 1.000000
0.998769 0.029660 0.039760 -0.000000 -0.028227 0.998949 -0.036122 9.100000 -0.040789 0.034955 0.998556 -1.373400 0.000000 0.000000 0.000000 1.000000
0.998654 0.025633 0.045086 -0.000000 -0.024162 0.999167 -0.032878 9.100000 -0.045892 0.031745 0.998442 -1.373400 0.000000 0.000000 0.000000 1.000000
0.998979 0.013355 0.043159 0.000000 -0.012251 0.999594 -0.025736 9.100000 -0.043485 0.025181 0.998737 -1.373400 0.000000 0.000000 0.000000 1.000000
0.999329 0.011580 0.034734 0.000000 -0.010831 0.999706 -0.021680 9.100000 -0.034975 0.021289 0.999161 -1.373400 0.000000 0.000000 0.000000 1.000000
0.999546 0.011925 0.027669 0.000000 -0.011325 0.999700 -0.021731 9.100000 -0.027920 0.021408 0.999381 -1.373400 0.000000 0.000000 0.000000 1.000000
0.999783 0.009376 0.018587 -0.000000 -0.008897 0.999631 -0.025683 9.100000 -0.018821 0.025512 0.999497 -1.373400 0.000000 0.000000 0.000000 1.000000
0.999978 0.006323 0.001806 0.000000 -0.006265 0.999512 -0.030605 9.100000 -0.001998 0.030593 0.999530 -1.373400 0.000000 0.000000 0.000000 1.000000
0.999823 0.003632 -0.018466 0.000000 -0.004245 0.999439 -0.033235 9.100000 0.018335 0.033307 0.999277 -1.373400 0.000000 0.000000 0.000000 1.000000
0.999331 -0.003280 -0.036437 0.000000 0.002027 0.999407 -0.034371 9.100000 0.036528 0.034274 0.998745 -1.373400 0.000000 0.000000 0.000000 1.000000
0.998501 -0.011511 -0.053513 0.000000 0.009618 0.999324 -0.035497 9.100000 0.053885 0.034929 0.997936 -1.373400 0.000000 0.000000 0.000000 1.000000
0.997233 -0.020574 -0.071430 0.000000 0.018032 0.999187 -0.036047 9.100000 0.072114 0.034660 0.996794 -1.373400 0.000000 0.000000 0.000000 1.000000
0.995594 -0.032564 -0.087934 0.000000 0.029420 0.998889 -0.036822 9.100000 0.089036 0.034073 0.995445 -1.373400 0.000000 0.000000 0.000000 1.000000
0.993575 -0.049389 -0.101828 0.000000 0.045488 0.998152 -0.040284 9.100000 0.103629 0.035394 0.993986 -1.373400 0.000000 0.000000 0.000000 1.000000
0.991372 -0.060924 -0.116057 0.000000 0.056202 0.997470 -0.043541 9.100000 0.118416 0.036642 0.992288 -1.373400 0.000000 0.000000 0.000000 1.000000
0.989750 -0.060705 -0.129267 0.000000 0.055591 0.997535 -0.042811 9.100000 0.131548 0.035186 0.990685 -1.373400 0.000000 0.000000 0.000000 1.000000
0.988908 -0.058620 -0.136476 0.000000 0.053232 0.997665 -0.042796 9.100000 0.138666 0.035056 0.989719 -1.373400 0.000000 0.000000 0.000000 1.000000
0.988693 -0.058089 -0.138245 -0.000000 0.052451 0.997650 -0.044082 9.100000 0.140481 0.036332 0.989417 -1.373400 0.000000 0.000000 0.000000 1.000000
0.989458 -0.051042 -0.135530 0.000000 0.045923 0.998118 -0.040636 9.100000 0.137349 0.033983 0.989940 -1.373400 0.000000 0.000000 0.000000 1.000000
0.990404 -0.053032 -0.127624 0.000000 0.048435 0.998070 -0.038859 9.100000 0.129438 0.032305 0.991061 -1.373400 0.000000 0.000000 0.000000 1.000000
0.991261 -0.052124 -0.121183 0.000000 0.047859 0.998137 -0.037844 9.100000 0.122930 0.031713 0.991908 -1.373400 0.000000 0.000000 0.000000 1.000000
0.992545 -0.048850 -0.111662 0.000000 0.044732 0.998234 -0.039095 9.100000 0.113374 0.033809 0.992977 -1.373400 0.000000 0.000000 0.000000 1.000000
0.994600 -0.044413 -0.093801 -0.000000 0.040545 0.998263 -0.042744 9.100000 0.095536 0.038710 0.994673 -1.373400 0.000000 0.000000 0.000000 1.000000
0.996720 -0.037599 -0.071662 -0.000000 0.034382 0.998368 -0.045604 9.100000 0.073260 0.042990 0.996386 -1.373400 0.000000 0.000000 0.000000 1.000000
0.998136 -0.030323 -0.052958 0.000000 0.027923 0.998575 -0.045487 9.100000 0.054261 0.043923 0.997560 -1.373400 0.000000 0.000000 0.000000 1.000000
0.998867 -0.023401 -0.041444 0.000000 0.021613 0.998838 -0.043085 9.100000 0.042404 0.042141 0.998211 -1.373400 0.000000 0.000000 0.000000 1.000000</float_array>
        <technique_common>
          <accessor source="#mixamorig_Spine2-Matrix-animation-output-transform-array" count="32" stride="16">
            <param type="float4x4"/>
          </accessor>
        </technique_common>
      </source>
      <source id="mixamorig_Spine2-Interpolations">
        <Name_array id="mixamorig_Spine2-Interpolations-array" count="32">
 LINEAR LINEAR LINEAR LINEAR LINEAR LINEAR LINEAR LINEAR LINEAR LINEAR LINEAR
LINEAR LINEAR LINEAR LINEAR LINEAR LINEAR LINEAR LINEAR LINEAR LINEAR LINEAR LINEAR
LINEAR LINEAR LINEAR LINEAR LINEAR LINEAR LINEAR LINEAR LINEAR</Name_array>
        <technique_common>
          <accessor source="#mixamorig_Spine2-Interpolations-array" count="32">
            <param type="name"/>
          </accessor>
        </technique_common>
      </source>
      <sampler id="mixamorig_Spine2-Matrix-animation-transform">
        <input semantic="INPUT" source="#mixamorig_Spine2-Matrix-animation-input"/>
        <input semantic="OUTPUT" source="#mixamorig_Spine2-Matrix-animation-output-transform"/>
        <input semantic="INTERPOLATION" source="#mixamorig_Spine2-Interpolations"/>
      </sampler>
      <channel source="#mixamorig_Spine2-Matrix-animation-transform" target="mixamorig_Spine2/matrix"/>
    </animation>
    <animation id="mixamorig_Neck-anim" name="mixamorig_Neck">
      <source id="mixamorig_Neck-Matrix-animation-input">
        <float_array id="mixamorig_Neck-Matrix-animation-input-array" count="32">

0.000000 0.033333 0.066667 0.100000 0.133333 0.166667 0.200000 0.233333 0.266667 0.300000 0.333333 0.366667 0.400000 0.433333 0.466667 0.500000
0.533333 0.566667 0.600000 0.633333 0.666667 0.700000 0.733333 0.766667 0.800000 0.833333 0.866667 0.900000 0.933333 0.966667 1.000000 1.033333</float_array>
        <technique_common>
          <accessor source="#mixamorig_Neck-Matrix-animation-input-array" count="32">
            <param name="TIME" type="float"/>
          </accessor>
        </technique_common>
      </source>
      <source id="mixamorig_Neck-Matrix-animation-output-transform">
        <float_array id="mixamorig_Neck-Matrix-animation-output-transform-array" count="512">

0.999301 0.004142 0.037153 -0.000000 -0.004454 0.999956 0.008316 16.671700 -0.037116 -0.008475 0.999275 -2.516200 0.000000 0.000000 0.000000 1.000000
0.999438 0.006365 0.032913 0.000000 -0.006617 0.999950 0.007551 16.671700 -0.032863 -0.007765 0.999430 -2.516200 0.000000 0.000000 0.000000 1.000000
0.999623 0.004337 0.027098 0.000000 -0.004586 0.999948 0.009156 16.671700 -0.027057 -0.009277 0.999591 -2.516200 0.000000 0.000000 0.000000 1.000000
0.999795 -0.005905 0.019354 -0.000000 0.005693 0.999924 0.010969 16.671700 -0.019417 -0.010856 0.999753 -2.516200 0.000000 0.000000 0.000000 1.000000
0.999797 -0.016764 0.011221 0.000000 0.016649 0.999808 0.010325 16.671700 -0.011392 -0.010137 0.999884 -2.516200 0.000000 0.000000 0.000000 1.000000
0.999785 -0.020307 0.004140 0.000000 0.020264 0.999743 0.010132 16.671700 -0.004345 -0.010046 0.999940 -2.516200 0.000000 0.000000 0.000000 1.000000
0.999829 -0.018360 -0.002006 0.000000 0.018384 0.999748 0.012906 16.671700 0.001769 -0.012941 0.999915 -2.516200 0.000000 0.000000 0.000000 1.000000
0.999886 -0.013393 -0.006956 -0.000000 0.013491 0.999807 0.014259 16.671700 0.006763 -0.014351 0.999874 -2.516200 0.000000 0.000000 0.000000 1.000000
0.999964 0.001567 -0.008371 0.000000 -0.001501 0.999967 0.007950 16.671700 0.008384 -0.007937 0.999933 -2.516200 0.000000 0.000000 0.000000 1.000000
0.999611 0.027461 -0.004915 0.000000 -0.027446 0.999618 0.003197 16.671700 0.005001 -0.003061 0.999983 -2.516200 0.000000 0.000000 0.000000 1.000000
0.999208 0.039796 -0.000710 0.000000 -0.039794 0.999203 0.003221 16.671700 0.000837 -0.003190 0.999995 -2.516200 0.000000 0.000000 0.000000 1.000000
0.998802 0.048724 0.004591 0.000000 -0.048730 0.998811 0.001124 16.671700 -0.004531 -0.001347 0.999989 -2.516200 0.000000 0.000000 0.000000 1.000000
0.998459 0.054127 0.012274 0.000000 -0.054133 0.998534 0.000137 16.671700 -0.012249 -0.000801 0.999925 -2.516200 0.000000 0.000000 0.000000 1.000000
0.998561 0.049282 0.021154 0.000000 -0.049324 0.998782 0.001481 16.671700 -0.021055 -0.002522 0.999775 -2.516200 0.000000 0.000000 0.000000 1.000000
0.998819 0.038413 0.029761 -0.000000 -0.038424 0.999262 -0.000213 16.671700 -0.029748 -0.000931 0.999557 -2.516200 0.000000 0.000000 0.000000 1.000000
0.998815 0.030143 0.038206 0.000000 -0.029933 0.999534 -0.006061 16.671700 -0.038371 0.004911 0.999252 -2.516200 0.000000 0.000000 0.000000 1.000000
0.998633 0.023103 0.046880 0.000000 -0.022591 0.999680 -0.011421 16.671700 -0.047128 0.010346 0.998835 -2.516200 0.000000 0.000000 0.000000 1.000000
0.998264 0.018197 0.056024 0.000000 -0.017542 0.999772 -0.012154 16.671700 -0.056233 0.011150 0.998355 -2.516200 0.000000 0.000000 0.000000 1.000000
0.997663 0.020207 0.065268 0.000000 -0.019618 0.999761 -0.009654 16.671700 -0.065448 0.008351 0.997821 -2.516200 0.000000 0.000000 0.000000 1.000000
0.996765 0.029845 0.074629 0.000000 -0.029416 0.999544 -0.006841 16.671700 -0.074799 0.004623 0.997188 -2.516200 0.000000 0.000000 0.000000 1.000000
0.995765 0.039117 0.083200 0.000000 -0.038842 0.999233 -0.004922 16.671700 -0.083328 0.001670 0.996521 -2.516200 0.000000 0.000000 0.000000 1.000000
0.995090 0.042326 0.089465 0.000000 -0.042380 0.999101 -0.001291 16.671700 -0.089439 -0.002507 0.995989 -2.516200 0.000000 0.000000 0.000000 1.000000
0.994896 0.039709 0.092767 -0.000000 -0.040282 0.999179 0.004310 16.671700 -0.092520 -0.008025 0.995679 -2.516200 0.000000 0.000000 0.000000 1.000000
0.995083 0.032214 0.093664 0.000000 -0.033105 0.999420 0.007969 16.671700 -0.093353 -0.011031 0.995572 -2.516200 0.000000 0.000000 0.000000 1.000000
0.995793 0.009143 0.091175 -0.000000 -0.009484 0.999950 0.003307 16.671700 -0.091140 -0.004158 0.995829 -2.516200 0.000000 0.000000 0.000000 1.000000
0.996140 -0.002765 0.087730 0.000000 0.002735 0.999996 0.000460 16.671700 -0.087731 -0.000219 0.996144 -2.516200 0.000000 0.000000 0.000000 1.000000
0.996605 -0.014104 0.081115 -0.000000 0.014201 0.999899 -0.000622 16.671700 -0.081098 0.001772 0.996705 -2.516200 0.000000 0.000000 0.000000 1.000000
0.997224 -0.023376 0.070695 0.000000 0.023268 0.999726 0.002359 16.671700 -0.070731 -0.000708 0.997495 -2.516200 0.000000 0.000000 0.000000 1.000000
0.997990 -0.023150 0.058997 0.000000 0.022881 0.999724 0.005236 16.671700 -0.059102 -0.003876 0.998244 -2.516200 0.000000 0.000000 0.000000 1.000000
0.998718 -0.014904 0.048378 0.000000 0.014689 0.999881 0.004803 16.671700 -0.048443 -0.004087 0.998818 -2.516200 0.000000 0.000000 0.000000 1.000000
0.999165 -0.004138 0.040648 0.000000 0.003952 0.999981 0.004654 16.671700 -0.040667 -0.004489 0.999163 -2.516200 0.000000 0.000000 0.000000 1.000000
0.999301 0.004142 0.037153 0.000000 -0.004454 0.999956 0.008316 16.671700 -0.037116 -0.008475 0.999275 -2.516200 0.000000 0.000000 0.000000 1.000000</float_array>
        <technique_common>
          <accessor source="#mixamorig_Neck-Matrix-animation-output-transform-array" count="32" stride="16">
            <param type="float4x4"/>
          </accessor>
        </technique_common>
      </source>
      <source id="mixamorig_Neck-Interpolations">
        <Name_array id="mixamorig_Neck-Interpolations-array" count="32">
 LINEAR LINEAR LINEAR LINEAR LINEAR LINEAR LINEAR LINEAR LINEAR LINEAR LINEAR
LINEAR LINEAR LINEAR LINEAR LINEAR LINEAR LINEAR LINEAR LINEAR LINEAR LINEAR LINEAR
LINEAR LINEAR LINEAR LINEAR LINEAR LINEAR LINEAR LINEAR LINEAR</Name_array>
        <technique_common>
          <accessor source="#mixamorig_Neck-Interpolations-array" count="32">
            <param type="name"/>
          </accessor>
        </technique_common>
      </source>
      <sampler id="mixamorig_Neck-Matrix-animation-transform">
        <input semantic="INPUT" source="#mixamorig_Neck-Matrix-animation-input"/>
        <input semantic="OUTPUT" source="#mixamorig_Neck-Matrix-animation-output-transform"/>
        <input semantic="INTERPOLATION" source="#mixamorig_Neck-Interpolations"/>
      </sampler>
      <channel source="#mixamorig_Neck-Matrix-animation-transform" target="mixamorig_Neck/matrix"/>
    </animation>
    <animation id="mixamorig_Head-anim" name="mixamorig_Head">
      <source id="mixamorig_Head-Matrix-animation-input">
        <float_array id="mixamorig_Head-Matrix-animation-input-array" count="32">

0.000000 0.033333 0.066667 0.100000 0.133333 0.166667 0.200000 0.233333 0.266667 0.300000 0.333333 0.366667 0.400000 0.433333 0.466667 0.500000
0.533333 0.566667 0.600000 0.633333 0.666667 0.700000 0.733333 0.766667 0.800000 0.833333 0.866667 0.900000 0.933333 0.966667 1.000000 1.033333</float_array>
        <technique_common>
          <accessor source="#mixamorig_Head-Matrix-animation-input-array" count="32">
            <param name="TIME" type="float"/>
          </accessor>
        </technique_common>
      </source>
      <source id="mixamorig_Head-Matrix-animation-output-transform">
        <float_array id="mixamorig_Head-Matrix-animation-output-transform-array" count="512">

0.996340 0.032647 0.078999 -0.000000 -0.037096 0.997768 0.055527 9.617900 -0.077010 -0.058255 0.995327 1.685000 0.000000 0.000000 0.000000 1.000000
0.997790 0.032674 0.057860 0.000000 -0.035549 0.998148 0.049374 9.617900 -0.056139 -0.051322 0.997103 1.685000 0.000000 0.000000 0.000000 1.000000
0.998661 0.032668 0.040123 0.000000 -0.034635 0.998181 0.049343 9.617900 -0.038438 -0.050667 0.997976 1.685000 0.000000 0.000000 0.000000 1.000000
0.998921 0.038288 0.026298 0.000000 -0.039711 0.997646 0.055908 9.617900 -0.024095 -0.056892 0.998090 1.685000 0.000000 0.000000 0.000000 1.000000
0.998903 0.041941 0.020843 0.000000 -0.043277 0.996716 0.068436 9.617900 -0.017904 -0.069263 0.997438 1.685000 0.000000 0.000000 0.000000 1.000000
0.998919 0.042160 0.019596 0.000000 -0.043615 0.995765 0.080926 9.617900 -0.016101 -0.081693 0.996527 1.685000 0.000000 0.000000 0.000000 1.000000
0.999048 0.041890 0.012176 0.000000 -0.042852 0.994640 0.094102 9.617900 -0.008168 -0.094534 0.995488 1.685000 0.000000 0.000000 0.000000 1.000000
0.999399 0.034408 -0.004238 0.000000 -0.033784 0.994043 0.103617 9.617900 0.007778 -0.103411 0.994608 1.685000 0.000000 0.000000 0.000000 1.000000
0.999636 0.015646 -0.021967 0.000000 -0.013536 0.995563 0.093120 9.617900 0.023327 -0.092789 0.995413 1.685000 0.000000 0.000000 0.000000 1.000000
0.999404 -0.010233 -0.032954 0.000000 0.012474 0.997572 0.068516 9.617900 0.032173 -0.068886 0.997106 1.685000 0.000000 0.000000 0.000000 1.000000
0.998749 -0.034349 -0.036337 0.000000 0.036239 0.997954 0.052681 9.617900 0.034453 -0.053932 0.997950 1.685000 0.000000 0.000000 0.000000 1.000000
0.998729 -0.041869 -0.028056 0.000000 0.043394 0.997478 0.056162 9.617900 0.025634 -0.057309 0.998027 1.685000 0.000000 0.000000 0.000000 1.000000
0.999624 -0.027404 -0.000653 0.000000 0.027382 0.997165 0.070086 9.617900 -0.001269 -0.070078 0.997541 1.685000 0.000000 0.000000 0.000000 1.000000
0.999331 -0.002955 0.036440 0.000000 0.000205 0.997166 0.075234 9.617900 -0.036559 -0.075176 0.996500 1.685000 0.000000 0.000000 0.000000 1.000000
0.997433 0.015534 0.069904 -0.000000 -0.020025 0.997749 0.064005 9.617900 -0.068753 -0.065241 0.995498 1.685000 0.000000 0.000000 0.000000 1.000000
0.995126 0.024515 0.095515 0.000000 -0.028951 0.998552 0.045342 9.617900 -0.094266 -0.047886 0.994395 1.685000 0.000000 0.000000 0.000000 1.000000
0.992379 0.030540 0.119375 0.000000 -0.034254 0.998987 0.029186 9.617900 -0.118363 -0.033052 0.992420 1.685000 0.000000 0.000000 0.000000 1.000000
0.989005 0.036365 0.143342 0.000000 -0.039846 0.998975 0.021489 9.617900 -0.142414 -0.026964 0.989440 1.685000 0.000000 0.000000 0.000000 1.000000
0.986150 0.038348 0.161363 0.000000 -0.043095 0.998732 0.026018 9.617900 -0.160160 -0.032612 0.986552 1.685000 0.000000 0.000000 0.000000 1.000000
0.984052 0.035415 0.174320 -0.000000 -0.043354 0.998179 0.041949 9.617900 -0.172517 -0.048838 0.983795 1.685000 0.000000 0.000000 0.000000 1.000000
0.982535 0.032725 0.183177 0.000000 -0.044146 0.997304 0.058622 9.617900 -0.180765 -0.065684 0.981331 1.685000 0.000000 0.000000 0.000000 1.000000
0.981894 0.032584 0.186609 -0.000000 -0.045756 0.996722 0.066717 9.617900 -0.183824 -0.074048 0.980166 1.685000 0.000000 0.000000 0.000000 1.000000
0.981754 0.033322 0.187212 0.000000 -0.047893 0.996118 0.073857 9.617900 -0.184024 -0.081476 0.979539 1.685000 0.000000 0.000000 0.000000 1.000000
0.980591 0.041677 0.191582 -0.000000 -0.059126 0.994515 0.086281 9.617900 -0.186935 -0.095934 0.977677 1.685000 0.000000 0.000000 0.000000 1.000000
0.975705 0.064898 0.209258 0.000000 -0.084746 0.992569 0.087316 9.617900 -0.202036 -0.102929 0.973954 1.685000 0.000000 0.000000 0.000000 1.000000
0.970354 0.083242 0.226899 0.000000 -0.102369 0.992001 0.073857 9.617900 -0.218936 -0.094894 0.971114 1.685000 0.000000 0.000000 0.000000 1.000000
