<?xml version="1.0" encoding="utf-8"?>
<COLLADA xmlns="http://www.collada.org/2005/11/COLLADASchema" version="1.4.1">
  <asset>
    <contributor>
      <author>Mixamo</author>
      <authoring_tool>COLLADA Mixamo exporter</authoring_tool>
      <comments/>
    </contributor>
    <created>2021-11-11T20:30:50Z</created>
    <modified>2021-11-11T20:30:50Z</modified>
    <revision/>
    <title/>
    <unit meter="0.010000"/>
    <up_axis>Y_UP</up_axis>
  </asset>
  <library_animations>
    <animation id="mixamorig_Hips-anim" name="mixamorig_Hips">
      <source id="mixamorig_Hips-Matrix-animation-input">
        <float_array id="mixamorig_Hips-Matrix-animation-input-array" count="47">

0.000000 0.033333 0.066667 0.100000 0.133333 0.166667 0.200000 0.233333 0.266667 0.300000 0.333333 0.366667 0.400000 0.433333 0.466667 0.500000
0.533333 0.566667 0.600000 0.633333 0.666667 0.700000 0.733333 0.766667 0.800000 0.833333 0.866667 0.900000 0.933333 0.966667 1.000000 1.033333
1.066667 1.100000 1.133333 1.166667 1.200000 1.233333 1.266667 1.300000 1.333333 1.366667 1.400000 1.433333 1.466667 1.500000 1.533333</float_array>
        <technique_common>
          <accessor source="#mixamorig_Hips-Matrix-animation-input-array" count="47">
            <param name="TIME" type="float"/>
          </accessor>
        </technique_common>
      </source>
      <source id="mixamorig_Hips-Matrix-animation-output-transform">
        <float_array id="mixamorig_Hips-Matrix-animation-output-transform-array" count="752">

0.997527 -0.066044 -0.024039 3.462576 0.067251 0.996305 0.053429 101.415298 0.020422 -0.054914 0.998282 0.909550 0.000000 0.000000 0.000000 1.000000
0.997857 -0.064646 -0.010099 3.235618 0.065040 0.996853 0.045327 101.503288 0.007137 -0.045887 0.998921 4.537390 0.000000 0.000000 0.000000 1.000000
0.997568 -0.069624 0.003214 2.972749 0.069465 0.996946 0.035687 101.026367 -0.005689 -0.035377 0.999358 8.356227 0.000000 0.000000 0.000000 1.000000
0.996697 -0.080123 0.013230 2.637419 0.079661 0.996295 0.032404 100.192314 -0.015777 -0.031243 0.999387 12.532287 0.000000 0.000000 0.000000 1.000000
0.994601 -0.101309 0.022456 2.171145 0.100455 0.994277 0.036368 98.857719 -0.026012 -0.033916 0.999086 17.166033 0.000000 0.000000 0.000000 1.000000
0.993093 -0.113375 0.030195 1.681819 0.112203 0.992957 0.038030 97.790466 -0.034294 -0.034380 0.998820 21.681957 0.000000 0.000000 0.000000 1.000000
0.992660 -0.116013 0.034173 1.252592 0.114689 0.992658 0.038429 96.989830 -0.038380 -0.034228 0.998677 25.970371 0.000000 0.000000 0.000000 1.000000
0.993496 -0.109452 0.031394 0.799428 0.108071 0.993223 0.042763 96.494858 -0.035862 -0.039092 0.998592 30.383341 0.000000 0.000000 0.000000 1.000000
0.995563 -0.090584 0.025487 0.155156 0.089377 0.994977 0.045088 96.515602 -0.029443 -0.042610 0.998658 35.165024 0.000000 0.000000 0.000000 1.000000
0.998063 -0.060140 0.015933 -0.550289 0.059446 0.997391 0.040954 96.946930 -0.018355 -0.039927 0.999034 39.969864 0.000000 0.000000 0.000000 1.000000
0.999635 -0.026571 -0.004795 -1.026079 0.026744 0.998817 0.040612 97.316154 0.003710 -0.040725 0.999164 44.502380 0.000000 0.000000 0.000000 1.000000
0.999360 0.001603 -0.035728 -1.390413 0.000225 0.998694 0.051100 97.531227 0.035763 -0.051075 0.998054 48.987789 0.000000 0.000000 0.000000 1.000000
0.997870 0.022134 -0.061369 -1.894017 -0.018488 0.998067 0.059341 97.990425 0.062563 -0.058080 0.996350 53.359749 0.000000 0.000000 0.000000 1.000000
0.997315 0.031029 -0.066329 -2.454047 -0.027427 0.998135 0.054544 98.625656 0.067898 -0.052579 0.996306 57.364376 0.000000 0.000000 0.000000 1.000000
0.998256 0.031202 -0.050105 -2.850297 -0.028944 0.998560 0.045167 99.371109 0.051443 -0.043638 0.997722 61.139313 0.000000 0.000000 0.000000 1.000000
0.999049 0.029915 -0.031712 -3.111250 -0.028454 0.998556 0.045564 100.103310 0.033029 -0.044618 0.998458 64.806747 0.000000 0.000000 0.000000 1.000000
0.999298 0.027289 -0.025657 -3.299126 -0.025853 0.998167 0.054719 100.808380 0.027103 -0.054017 0.998172 68.434731 0.000000 0.000000 0.000000 1.000000
0.999253 0.021798 -0.031896 -3.392586 -0.019830 0.997956 0.060753 101.479797 0.033156 -0.060076 0.997643 71.933945 0.000000 0.000000 0.000000 1.000000
0.998910 0.018247 -0.042953 -3.339908 -0.015645 0.998066 0.060157 101.967438 0.043968 -0.059420 0.997264 75.314896 0.000000 0.000000 0.000000 1.000000
0.998406 0.018476 -0.053328 -3.157453 -0.015393 0.998218 0.057646 102.209633 0.054298 -0.056733 0.996912 78.696434 0.000000 0.000000 0.000000 1.000000
0.997838 0.022678 -0.061693 -2.882590 -0.019196 0.998220 0.056466 102.192070 0.062863 -0.055160 0.996497 82.134674 0.000000 0.000000 0.000000 1.000000
0.996629 0.039932 -0.071662 -2.518289 -0.035721 0.997612 0.059110 101.525139 0.073851 -0.056351 0.995676 85.892548 0.000000 0.000000 0.000000 1.000000
0.994566 0.060098 -0.085006 -2.123766 -0.054613 0.996361 0.065443 100.458267 0.088629 -0.060445 0.994229 90.016380 0.000000 0.000000 0.000000 1.000000
0.992822 0.065802 -0.099875 -1.767523 -0.058778 0.995691 0.071721 99.698547 0.104164 -0.065336 0.992412 93.993507 0.000000 0.000000 0.000000 1.000000
0.990913 0.064636 -0.117955 -1.424570 -0.055819 0.995500 0.076583 99.063133 0.122375 -0.069303 0.990061 97.853111 0.000000 0.000000 0.000000 1.000000
0.989071 0.058235 -0.135455 -1.059462 -0.047335 0.995479 0.082345 98.519722 0.139638 -0.075033 0.987356 101.785072 0.000000 0.000000 0.000000 1.000000
0.987666 0.053021 -0.147324 -0.576217 -0.039462 0.994838 0.093487 97.813484 0.151521 -0.086520 0.984660 106.211342 0.000000 0.000000 0.000000 1.000000
0.987087 0.044728 -0.153811 0.041901 -0.028943 0.994221 0.103375 97.212074 0.157546 -0.097589 0.982678 110.846367 0.000000 0.000000 0.000000 1.000000
0.987924 0.021155 -0.153491 0.670934 -0.005774 0.994973 0.099972 97.065178 0.154835 -0.097879 0.983080 114.995659 0.000000 0.000000 0.000000 1.000000
0.990478 -0.017927 -0.136500 1.041698 0.030385 0.995502 0.089737 97.186646 0.134278 -0.093030 0.986567 118.503746 0.000000 0.000000 0.000000 1.000000
0.993082 -0.042454 -0.109484 1.153566 0.052699 0.994322 0.092444 97.338127 0.104937 -0.097574 0.989680 121.886002 0.000000 0.000000 0.000000 1.000000
0.994665 -0.048294 -0.091156 1.285085 0.057366 0.993364 0.099682 97.781204 0.085737 -0.104379 0.990835 125.024246 0.000000 0.000000 0.000000 1.000000
0.994260 -0.047092 -0.096065 1.509266 0.055590 0.994586 0.087795 98.196640 0.091410 -0.092631 0.991496 127.663551 0.000000 0.000000 0.000000 1.000000
0.992998 -0.046525 -0.108580 1.690031 0.053083 0.996886 0.058314 98.587715 0.105529 -0.063670 0.992376 129.987778 0.000000 0.000000 0.000000 1.000000
0.992731 -0.048551 -0.110131 1.775938 0.052385 0.998108 0.032190 98.997742 0.108360 -0.037725 0.993396 132.120117 0.000000 0.000000 0.000000 1.000000
0.993942 -0.047874 -0.098930 1.830647 0.049543 0.998667 0.014489 99.447456 0.098105 -0.019303 0.994989 134.032303 0.000000 0.000000 0.000000 1.000000
0.995675 -0.043210 -0.082249 1.973388 0.043282 0.999062 -0.000906 99.926537 0.082211 -0.002658 0.996611 135.782608 0.000000 0.000000 0.000000 1.000000
0.996959 -0.038417 -0.067806 2.262053 0.037660 0.999214 -0.012403 100.448975 0.068229 0.009812 0.997621 137.484436 0.000000 0.000000 0.000000 1.000000
0.997445 -0.034621 -0.062494 2.477637 0.033496 0.999259 -0.018964 100.982849 0.063104 0.016822 0.997865 139.171936 0.000000 0.000000 0.000000 1.000000
0.997474 -0.031744 -0.063537 2.430759 0.030418 0.999301 -0.021733 101.393280 0.064183 0.019746 0.997743 140.874222 0.000000 0.000000 0.000000 1.000000
0.997898 -0.028276 -0.058317 2.266701 0.027160 0.999434 -0.019834 101.746918 0.058845 0.018208 0.998101 142.593521 0.000000 0.000000 0.000000 1.000000
0.998747 -0.025446 -0.043084 2.056663 0.024883 0.999598 -0.013569 102.119400 0.043412 0.012480 0.998979 144.316986 0.000000 0.000000 0.000000 1.000000
0.999362 -0.024846 -0.025650 1.755234 0.024725 0.999682 -0.005022 102.462845 0.025766 0.004384 0.999658 146.074493 0.000000 0.000000 0.000000 1.000000
0.999604 -0.024662 -0.013581 1.419454 0.024704 0.999690 0.003001 102.818413 0.013503 -0.003335 0.999903 147.811188 0.000000 0.000000 0.000000 1.000000
0.999703 -0.023206 -0.007411 1.122527 0.023268 0.999694 0.008449 103.174759 0.007213 -0.008619 0.999937 149.402267 0.000000 0.000000 0.000000 1.000000
0.999791 -0.019833 -0.005024 0.809341 0.019882 0.999752 0.010042 103.422890 0.004823 -0.010140 0.999937 150.811096 0.000000 0.000000 0.000000 1.000000
0.999799 -0.018493 -0.007734 0.533669 0.018619 0.999688 0.016621 103.550682 0.007424 -0.016762 0.999832 152.009460 0.000000 0.000000 0.000000 1.000000</float_array>
        <technique_common>
          <accessor source="#mixamorig_Hips-Matrix-animation-output-transform-array" count="47" stride="16">
            <param type="float4x4"/>
          </accessor>
        </technique_common>
      </source>
      <source id="mixamorig_Hips-Interpolations">
        <Name_array id="mixamorig_Hips-Interpolations-array" count="47">
 LINEAR LINEAR LINEAR LINEAR LINEAR LINEAR LINEAR LINEAR LINEAR LINEAR LINEAR
LINEAR LINEAR LINEAR LINEAR LINEAR LINEAR LINEAR LINEAR LINEAR LINEAR LINEAR LINEAR
LINEAR LINEAR LINEAR LINEAR LINEAR LINEAR LINEAR LINEAR LINEAR LINEAR LINEAR LINEAR
LINEAR LINEAR LINEAR LINEAR LINEAR LINEAR LINEAR LINEAR LINEAR LINEAR LINEAR LINEAR</Name_array>
        <technique_common>
          <accessor source="#mixamorig_Hips-Interpolations-array" count="47">
            <param type="name"/>
          </accessor>
        </technique_common>
      </source>
      <sampler id="mixamorig_Hips-Matrix-animation-transform">
        <input semantic="INPUT" source="#mixamorig_Hips-Matrix-animation-input"/>
        <input semantic="OUTPUT" source="#mixamorig_Hips-Matrix-animation-output-transform"/>
        <input semantic="INTERPOLATION" source="#mixamorig_Hips-Interpolations"/>
      </sampler>
      <channel source="#mixamorig_Hips-Matrix-animation-transform" target="mixamorig_Hips/matrix"/>
    </animation>
    <animation id="mixamorig_Spine-anim" name="mixamorig_Spine">
      <source id="mixamorig_Spine-Matrix-animation-input">
        <float_array id="mixamorig_Spine-Matrix-animation-input-array" count="47">

0.000000 0.033333 0.066667 0.100000 0.133333 0.166667 0.200000 0.233333 0.266667 0.300000 0.333333 0.366667 0.400000 0.433333 0.466667 0.500000
0.533333 0.566667 0.600000 0.633333 0.666667 0.700000 0.733333 0.766667 0.800000 0.833333 0.866667 0.900000 0.933333 0.966667 1.000000 1.033333
1.066667 1.100000 1.133333 1.166667 1.200000 1.233333 1.266667 1.300000 1.333333 1.366667 1.400000 1.433333 1.466667 1.500000 1.533333</float_array>
        <technique_common>
          <accessor source="#mixamorig_Spine-Matrix-animation-input-array" count="47">
            <param name="TIME" type="float"/>
          </accessor>
        </technique_common>
      </source>
      <source id="mixamorig_Spine-Matrix-animation-output-transform">
        <float_array id="mixamorig_Spine-Matrix-animation-output-transform-array" count="752">

0.999665 0.024757 -0.007511 0.000000 -0.024874 0.999563 -0.015955 10.181600 0.007113 0.016136 0.999845 0.131500 0.000000 0.000000 0.000000 1.000000
0.999380 0.028410 -0.020777 0.000000 -0.028688 0.999501 -0.013233 10.181600 0.020390 0.013821 0.999697 0.131500 0.000000 0.000000 0.000000 1.000000
0.998669 0.040320 -0.032164 0.000000 -0.040569 0.999151 -0.007129 10.181600 0.031850 0.008424 0.999457 0.131500 0.000000 0.000000 0.000000 1.000000
0.997589 0.056537 -0.040247 -0.000000 -0.056579 0.998398 0.000089 10.181600 0.040187 0.002188 0.999190 0.131500 0.000000 0.000000 0.000000 1.000000
0.995548 0.081235 -0.047807 0.000000 -0.080932 0.996686 0.008250 10.181600 0.048319 -0.004344 0.998823 0.131500 0.000000 0.000000 0.000000 1.000000
0.994432 0.091212 -0.052784 0.000000 -0.090668 0.995801 0.012610 10.181600 0.053712 -0.007754 0.998526 0.131500 0.000000 0.000000 0.000000 1.000000
0.994486 0.089569 -0.054548 0.000000 -0.089063 0.995958 0.011644 10.181600 0.055371 -0.006722 0.998443 0.131500 0.000000 0.000000 0.000000 1.000000
0.995448 0.079893 -0.051963 0.000000 -0.079641 0.996800 0.006904 10.181600 0.052349 -0.002734 0.998625 0.131500 0.000000 0.000000 0.000000 1.000000
0.997013 0.060404 -0.048133 0.000000 -0.060291 0.998174 0.003790 10.181600 0.048274 -0.000877 0.998834 0.131500 0.000000 0.000000 0.000000 1.000000
0.998421 0.032902 -0.045536 0.000000 -0.032827 0.999458 0.002390 10.181600 0.045590 -0.000891 0.998960 0.131500 0.000000 0.000000 0.000000 1.000000
0.999166 0.006555 -0.040300 0.000000 -0.006677 0.999974 -0.002888 10.181600 0.040280 0.003154 0.999183 0.131500 0.000000 0.000000 0.000000 1.000000
0.999488 -0.010531 -0.030220 -0.000000 0.010235 0.999898 -0.009937 10.181600 0.030322 0.009622 0.999494 0.131500 0.000000 0.000000 0.000000 1.000000
0.999618 -0.020635 -0.018375 0.000000 0.020426 0.999726 -0.011474 10.181600 0.018607 0.011094 0.999765 0.131500 0.000000 0.000000 0.000000 1.000000
0.999673 -0.024043 -0.008689 -0.000000 0.023981 0.999687 -0.007181 10.181600 0.008859 0.006970 0.999936 0.131500 0.000000 0.000000 0.000000 1.000000
0.999700 -0.024071 -0.004418 0.000000 0.024054 0.999703 -0.003845 10.181600 0.004509 0.003738 0.999983 0.131500 0.000000 0.000000 0.000000 1.000000
0.999686 -0.025056 -0.000596 0.000000 0.025052 0.999668 -0.006027 10.181600 0.000747 0.006010 0.999982 0.131500 0.000000 0.000000 0.000000 1.000000
0.999662 -0.025055 0.006976 0.000000 0.025132 0.999622 -0.011149 10.181600 -0.006694 0.011320 0.999914 0.131500 0.000000 0.000000 0.000000 1.000000
0.999567 -0.023074 0.018274 0.000000 0.023335 0.999627 -0.014222 10.181600 -0.017939 0.014642 0.999732 0.131500 0.000000 0.000000 0.000000 1.000000
0.999187 -0.025923 0.030880 -0.000000 0.026353 0.999560 -0.013609 10.181600 -0.030514 0.014412 0.999430 0.131500 0.000000 0.000000 0.000000 1.000000
0.998535 -0.034544 0.041649 0.000000 0.035000 0.999335 -0.010271 10.181600 -0.041267 0.011714 0.999079 0.131500 0.000000 0.000000 0.000000 1.000000
0.997777 -0.046751 0.047497 0.000000 0.047056 0.998878 -0.005321 10.181600 -0.047194 0.007544 0.998857 0.131500 0.000000 0.000000 0.000000 1.000000
0.996103 -0.071885 0.051100 0.000000 0.071832 0.997413 0.002875 10.181600 -0.051175 0.000807 0.998689 0.131500 0.000000 0.000000 0.000000 1.000000
0.993746 -0.097366 0.054663 0.000000 0.096861 0.995228 0.011816 10.181600 -0.055553 -0.006448 0.998435 0.131500 0.000000 0.000000 0.000000 1.000000
0.992941 -0.104284 0.056506 0.000000 0.103553 0.994500 0.015721 10.181600 -0.057835 -0.009759 0.998278 0.131500 0.000000 0.000000 0.000000 1.000000
0.993107 -0.102726 0.056444 0.000000 0.102002 0.994662 0.015570 10.181600 -0.057742 -0.009706 0.998284 0.131500 0.000000 0.000000 0.000000 1.000000
0.993980 -0.095538 0.053637 -0.000000 0.094981 0.995396 0.012845 10.181600 -0.054617 -0.007673 0.998478 0.131500 0.000000 0.000000 0.000000 1.000000
0.994410 -0.090576 0.054265 0.000000 0.090059 0.995865 0.011912 10.181600 -0.055120 -0.006958 0.998456 0.131500 0.000000 0.000000 0.000000 1.000000
0.994886 -0.081539 0.059606 -0.000000 0.080862 0.996631 0.013685 10.181600 -0.060521 -0.008795 0.998128 0.131500 0.000000 0.000000 0.000000 1.000000
0.996678 -0.056445 0.058716 0.000000 0.055685 0.998343 0.014488 10.181600 -0.059436 -0.011171 0.998170 0.131500 0.000000 0.000000 0.000000 1.000000
0.998770 -0.018807 0.045870 0.000000 0.018339 0.999776 0.010609 10.181600 -0.046060 -0.009755 0.998891 0.131500 0.000000 0.000000 0.000000 1.000000
0.999594 0.000734 0.028490 0.000000 -0.000835 0.999993 0.003525 10.181600 -0.028487 -0.003548 0.999588 0.131500 0.000000 0.000000 0.000000 1.000000
0.999904 0.003558 0.013409 0.000000 -0.003522 0.999990 -0.002687 10.181600 -0.013418 0.002639 0.999906 0.131500 0.000000 0.000000 0.000000 1.000000
0.999947 0.003368 0.009699 0.000000 -0.003327 0.999986 -0.004207 10.181600 -0.009713 0.004175 0.999944 0.131500 0.000000 0.000000 0.000000 1.000000
0.999946 0.002760 0.009987 0.000000 -0.002737 0.999994 -0.002285 10.181600 -0.009993 0.002257 0.999948 0.131500 0.000000 0.000000 0.000000 1.000000
0.999985 0.002753 0.004628 0.000000 -0.002736 0.999989 -0.003795 10.181600 -0.004639 0.003782 0.999982 0.131500 0.000000 0.000000 0.000000 1.000000
0.999977 0.001501 -0.006628 0.000000 -0.001551 0.999970 -0.007541 10.181600 0.006617 0.007551 0.999950 0.131500 0.000000 0.000000 0.000000 1.000000
0.999820 -0.002022 -0.018853 0.000000 0.001842 0.999953 -0.009547 10.181600 0.018872 0.009510 0.999777 0.131500 0.000000 0.000000 0.000000 1.000000
0.999611 -0.006605 -0.027107 0.000000 0.006297 0.999915 -0.011439 10.181600 0.027180 0.011264 0.999567 0.131500 0.000000 0.000000 0.000000 1.000000
0.999531 -0.009668 -0.029051 0.000000 0.009295 0.999873 -0.012924 10.181600 0.029172 0.012648 0.999494 0.131500 0.000000 0.000000 0.000000 1.000000
0.999586 -0.008493 -0.027502 -0.000000 0.008166 0.999895 -0.011983 10.181600 0.027601 0.011754 0.999550 0.131500 0.000000 0.000000 0.000000 1.000000
0.999592 -0.007411 -0.027577 0.000000 0.007155 0.999930 -0.009387 10.181600 0.027645 0.009186 0.999576 0.131500 0.000000 0.000000 0.000000 1.000000
0.999529 -0.006470 -0.029982 0.000000 0.006288 0.999961 -0.006180 10.181600 0.030021 0.005988 0.999531 0.131500 0.000000 0.000000 0.000000 1.000000
0.999501 -0.004082 -0.031312 0.000000 0.004006 0.999989 -0.002474 10.181600 0.031321 0.002347 0.999507 0.131500 0.000000 0.000000 0.000000 1.000000
0.999568 -0.003107 -0.029234 0.000000 0.003163 0.999993 0.001862 10.181600 0.029228 -0.001954 0.999571 0.131500 0.000000 0.000000 0.000000 1.000000
0.999680 -0.004306 -0.024909 0.000000 0.004468 0.999969 0.006457 10.181600 0.024880 -0.006566 0.999669 0.131500 0.000000 0.000000 0.000000 1.000000
0.999779 -0.005652 -0.020260 0.000000 0.005884 0.999918 0.011416 10.181600 0.020194 -0.011533 0.999730 0.131500 0.000000 0.000000 0.000000 1.000000
0.999871 -0.005329 -0.015139 0.000000 0.005509 0.999915 0.011855 10.181600 0.015074 -0.011937 0.999815 0.131500 0.000000 0.000000 0.000000 1.000000</float_array>
        <technique_common>
          <accessor source="#mixamorig_Spine-Matrix-animation-output-transform-array" count="47" stride="16">
            <param type="float4x4"/>
          </accessor>
        </technique_common>
      </source>
      <source id="mixamorig_Spine-Interpolations">
        <Name_array id="mixamorig_Spine-Interpolations-array" count="47">
 LINEAR LINEAR LINEAR LINEAR LINEAR LINEAR LINEAR LINEAR LINEAR LINEAR LINEAR
LINEAR LINEAR LINEAR LINEAR LINEAR LINEAR LINEAR LINEAR LINEAR LINEAR LINEAR LINEAR
LINEAR LINEAR LINEAR LINEAR LINEAR LINEAR LINEAR LINEAR LINEAR LINEAR LINEAR LINEAR
LINEAR LINEAR LINEAR LINEAR LINEAR LINEAR LINEAR LINEAR LINEAR LINEAR LINEAR LINEAR</Name_array>
        <technique_common>
          <accessor source="#mixamorig_Spine-Interpolations-array" count="47">
            <param type="name"/>
          </accessor>
        </technique_common>
      </source>
      <sampler id="mixamorig_Spine-Matrix-animation-transform">
        <input semantic="INPUT" source="#mixamorig_Spine-Matrix-animation-input"/>
        <input semantic="OUTPUT" source="#mixamorig_Spine-Matrix-animation-output-transform"/>
        <input semantic="INTERPOLATION" source="#mixamorig_Spine-Interpolations"/>
      </sampler>
      <channel source="#mixamorig_Spine-Matrix-animation-transform" target="mixamorig_Spine/matrix"/>
    </animation>
    <animation id="mixamorig_Spine1-anim" name="mixamorig_Spine1">
      <source id="mixamorig_Spine1-Matrix-animation-input">
        <float_array id="mixamorig_Spine1-Matrix-animation-input-array" count="47">

0.000000 0.033333 0.066667 0.100000 0.133333 0.166667 0.200000 0.233333 0.266667 0.300000 0.333333 0.366667 0.400000 0.433333 0.466667 0.500000
0.533333 0.566667 0.600000 0.633333 0.666667 0.700000 0.733333 0.766667 0.800000 0.833333 0.866667 0.900000 0.933333 0.966667 1.000000 1.033333
1.066667 1.100000 1.133333 1.166667 1.200000 1.233333 1.266667 1.300000 1.333333 1.366667 1.400000 1.433333 1.466667 1.500000 1.533333</float_array>
        <technique_common>
          <accessor source="#mixamorig_Spine1-Matrix-animation-input-array" count="47">
            <param name="TIME" type="float"/>
          </accessor>
        </technique_common>
      </source>
      <source id="mixamorig_Spine1-Matrix-animation-output-transform">
        <float_array id="mixamorig_Spine1-Matrix-animation-output-transform-array" count="752">

0.999969 0.003793 -0.006925 0.000000 -0.003857 0.999950 -0.009210 10.083500 0.006890 0.009236 0.999934 -1.000800 0.000000 0.000000 0.000000 1.000000
0.999851 0.004405 -0.016699 -0.000000 -0.004529 0.999962 -0.007416 10.083500 0.016665 0.007491 0.999833 -1.000800 0.000000 0.000000 0.000000 1.000000
0.999693 0.006796 -0.023841 0.000000 -0.006845 0.999975 -0.001995 10.083500 0.023827 0.002158 0.999714 -1.000800 0.000000 0.000000 0.000000 1.000000
0.999552 0.011526 -0.027626 0.000000 -0.011392 0.999923 0.005003 10.083500 0.027682 -0.004686 0.999606 -1.000800 0.000000 0.000000 0.000000 1.000000
0.999378 0.019579 -0.029337 0.000000 -0.019195 0.999727 0.013321 10.083500 0.029589 -0.012750 0.999481 -1.000800 0.000000 0.000000 0.000000 1.000000
0.999167 0.025866 -0.031574 -0.000000 -0.025310 0.999520 0.017893 10.083500 0.032022 -0.017079 0.999341 -1.000800 0.000000 0.000000 0.000000 1.000000
0.999056 0.027176 -0.033887 0.000000 -0.026595 0.999493 0.017482 10.083500 0.034345 -0.016564 0.999273 -1.000800 0.000000 0.000000 0.000000 1.000000
0.999136 0.023557 -0.034225 -0.000000 -0.023105 0.999642 0.013525 10.083500 0.034532 -0.012722 0.999323 -1.000800 0.000000 0.000000 0.000000 1.000000
0.999251 0.017473 -0.034537 0.000000 -0.017106 0.999794 0.010914 10.083500 0.034721 -0.010315 0.999344 -1.000800 0.000000 0.000000 0.000000 1.000000
0.999338 0.010026 -0.034974 -0.000000 -0.009689 0.999905 0.009801 10.083500 0.035069 -0.009455 0.999340 -1.000800 0.000000 0.000000 0.000000 1.000000
0.999504 0.000774 -0.031479 -0.000000 -0.000614 0.999987 0.005087 10.083500 0.031482 -0.005066 0.999491 -1.000800 0.000000 0.000000 0.000000 1.000000
0.999687 -0.008060 -0.023694 0.000000 0.008035 0.999967 -0.001140 10.083500 0.023703 0.000949 0.999719 -1.000800 0.000000 0.000000 0.000000 1.000000
0.999773 -0.013834 -0.016214 0.000000 0.013793 0.999901 -0.002645 10.083500 0.016249 0.002420 0.999865 -1.000800 0.000000 0.000000 0.000000 1.000000
0.999814 -0.015433 -0.011555 -0.000000 0.015441 0.999881 0.000612 10.083500 0.011544 -0.000790 0.999933 -1.000800 0.000000 0.000000 0.000000 1.000000
0.999852 -0.014936 -0.008525 0.000000 0.014964 0.999883 0.003323 10.083500 0.008474 -0.003450 0.999958 -1.000800 0.000000 0.000000 0.000000 1.000000
0.999882 -0.014776 -0.004233 -0.000000 0.014781 0.999890 0.001297 10.083500 0.004213 -0.001359 0.999990 -1.000800 0.000000 0.000000 0.000000 1.000000
0.999888 -0.014643 0.003232 0.000000 0.014655 0.999886 -0.003505 10.083500 -0.003181 0.003552 0.999989 -1.000800 0.000000 0.000000 0.000000 1.000000
0.999810 -0.013948 0.013614 -0.000000 0.014039 0.999880 -0.006598 10.083500 -0.013520 0.006788 0.999886 -1.000800 0.000000 0.000000 0.000000 1.000000
0.999578 -0.014620 0.025097 0.000000 0.014782 0.999871 -0.006275 10.083500 -0.025002 0.006644 0.999665 -1.000800 0.000000 0.000000 0.000000 1.000000
0.999264 -0.017419 0.034190 0.000000 0.017545 0.999840 -0.003393 10.083500 -0.034125 0.003990 0.999410 -1.000800 0.000000 0.000000 0.000000 1.000000
0.999039 -0.021833 0.038006 -0.000000 0.021811 0.999762 0.000996 10.083500 -0.038018 -0.000166 0.999277 -1.000800 0.000000 0.000000 0.000000 1.000000
0.998871 -0.028791 0.037799 0.000000 0.028498 0.999560 0.008276 10.083500 -0.038020 -0.007189 0.999251 -1.000800 0.000000 0.000000 0.000000 1.000000
0.998653 -0.035822 0.037528 0.000000 0.035232 0.999247 0.016277 10.083500 -0.038082 -0.014933 0.999163 -1.000800 0.000000 0.000000 0.000000 1.000000
0.998434 -0.040115 0.038995 -0.000000 0.039356 0.999024 0.020043 10.083500 -0.039761 -0.018477 0.999038 -1.000800 0.000000 0.000000 0.000000 1.000000
0.998345 -0.041528 0.039785 0.000000 0.040750 0.998966 0.020184 10.083500 -0.040582 -0.018530 0.999004 -1.000800 0.000000 0.000000 0.000000 1.000000
0.998456 -0.039931 0.038604 0.000000 0.039263 0.999069 0.017889 10.083500 -0.039282 -0.016346 0.999094 -1.000800 0.000000 0.000000 0.000000 1.000000
0.998455 -0.038060 0.040475 -0.000000 0.037400 0.999157 0.016935 10.083500 -0.041085 -0.015395 0.999037 -1.000800 0.000000 0.000000 0.000000 1.000000
0.998258 -0.036634 0.046258 0.000000 0.035833 0.999195 0.018049 10.083500 -0.046882 -0.016360 0.998766 -1.000800 0.000000 0.000000 0.000000 1.000000
0.998458 -0.031437 0.045751 0.000000 0.030602 0.999354 0.018819 10.083500 -0.046313 -0.017390 0.998776 -1.000800 0.000000 0.000000 0.000000 1.000000
0.999204 -0.019180 0.034975 0.000000 0.018632 0.999700 0.015921 10.083500 -0.035270 -0.015256 0.999261 -1.000800 0.000000 0.000000 0.000000 1.000000
0.999757 -0.007570 0.020701 0.000000 0.007371 0.999926 0.009652 10.083500 -0.020773 -0.009497 0.999739 -1.000800 0.000000 0.000000 0.000000 1.000000
0.999930 -0.003760 0.011254 0.000000 0.003722 0.999987 0.003408 10.083500 -0.011266 -0.003366 0.999931 -1.000800 0.000000 0.000000 0.000000 1.000000
0.999933 -0.006223 0.009810 -0.000000 0.006212 0.999980 0.001220 10.083500 -0.009817 -0.001159 0.999951 -1.000800 0.000000 0.000000 0.000000 1.000000
0.999901 -0.009434 0.010429 0.000000 0.009405 0.999952 0.002836 10.083500 -0.010456 -0.002738 0.999942 -1.000800 0.000000 0.000000 0.000000 1.000000
0.999935 -0.009450 0.006368 0.000000 0.009439 0.999954 0.001767 10.083500 -0.006385 -0.001707 0.999978 -1.000800 0.000000 0.000000 0.000000 1.000000
0.999960 -0.008586 -0.002660 0.000000 0.008581 0.999961 -0.001964 10.083500 0.002677 0.001941 0.999995 -1.000800 0.000000 0.000000 0.000000 1.000000
0.999870 -0.009888 -0.012734 0.000000 0.009831 0.999941 -0.004543 10.083500 0.012778 0.004417 0.999909 -1.000800 0.000000 0.000000 0.000000 1.000000
0.999729 -0.012389 -0.019694 0.000000 0.012263 0.999904 -0.006498 10.083500 0.019772 0.006254 0.999785 -1.000800 0.000000 0.000000 0.000000 1.000000
0.999669 -0.013993 -0.021604 0.000000 0.013829 0.999875 -0.007690 10.083500 0.021709 0.007389 0.999737 -1.000800 0.000000 0.000000 0.000000 1.000000
0.999692 -0.014284 -0.020314 0.000000 0.014149 0.999877 -0.006786 10.083500 0.020408 0.006497 0.999771 -1.000800 0.000000 0.000000 0.000000 1.000000
0.999692 -0.014333 -0.020244 0.000000 0.014242 0.999888 -0.004622 10.083500 0.020308 0.004332 0.999784 -1.000800 0.000000 0.000000 0.000000 1.000000
0.999660 -0.013332 -0.022401 -0.000000 0.013288 0.999910 -0.002102 10.083500 0.022427 0.001803 0.999747 -1.000800 0.000000 0.000000 0.000000 1.000000
0.999655 -0.010900 -0.023895 0.000000 0.010927 0.999940 0.000996 10.083500 0.023882 -0.001257 0.999714 -1.000800 0.000000 0.000000 0.000000 1.000000
0.999703 -0.008896 -0.022689 0.000000 0.009011 0.999947 0.004972 10.083500 0.022643 -0.005175 0.999730 -1.000800 0.000000 0.000000 0.000000 1.000000
0.999772 -0.008615 -0.019520 0.000000 0.008798 0.999918 0.009296 10.083500 0.019438 -0.009465 0.999766 -1.000800 0.000000 0.000000 0.000000 1.000000
0.999830 -0.009328 -0.015931 0.000000 0.009549 0.999858 0.013889 10.083500 0.015799 -0.014039 0.999777 -1.000800 0.000000 0.000000 0.000000 1.000000
0.999887 -0.009020 -0.012006 0.000000 0.009195 0.999852 0.014569 10.083500 0.011873 -0.014677 0.999822 -1.000800 0.000000 0.000000 0.000000 1.000000</float_array>
        <technique_common>
          <accessor source="#mixamorig_Spine1-Matrix-animation-output-transform-array" count="47" stride="16">
            <param type="float4x4"/>
          </accessor>
        </technique_common>
      </source>
      <source id="mixamorig_Spine1-Interpolations">
        <Name_array id="mixamorig_Spine1-Interpolations-array" count="47">
 LINEAR LINEAR LINEAR LINEAR LINEAR LINEAR LINEAR LINEAR LINEAR LINEAR LINEAR
LINEAR LINEAR LINEAR LINEAR LINEAR LINEAR LINEAR LINEAR LINEAR LINEAR LINEAR LINEAR
LINEAR LINEAR LINEAR LINEAR LINEAR LINEAR LINEAR LINEAR LINEAR LINEAR LINEAR LINEAR
LINEAR LINEAR LINEAR LINEAR LINEAR LINEAR LINEAR LINEAR LINEAR LINEAR LINEAR LINEAR</Name_array>
        <technique_common>
          <accessor source="#mixamorig_Spine1-Interpolations-array" count="47">
            <param type="name"/>
          </accessor>
        </technique_common>
      </source>
      <sampler id="mixamorig_Spine1-Matrix-animation-transform">
        <input semantic="INPUT" source="#mixamorig_Spine1-Matrix-animation-input"/>
        <input semantic="OUTPUT" source="#mixamorig_Spine1-Matrix-animation-output-transform"/>
        <input semantic="INTERPOLATION" source="#mixamorig_Spine1-Interpolations"/>
      </sampler>
      <channel source="#mixamorig_Spine1-Matrix-animation-transform" target="mixamorig_Spine1/matrix"/>
    </animation>
    <animation id="mixamorig_Spine2-anim" name="mixamorig_Spine2">
      <source id="mixamorig_Spine2-Matrix-animation-input">
        <float_array id="mixamorig_Spine2-Matrix-animation-input-array" count="47">

0.000000 0.033333 0.066667 0.100000 0.133333 0.166667 0.200000 0.233333 0.266667 0.300000 0.333333 0.366667 0.400000 0.433333 0.466667 0.500000
0.533333 0.566667 0.600000 0.633333 0.666667 0.700000 0.733333 0.766667 0.800000 0.833333 0.866667 0.900000 0.933333 0.966667 1.000000 1.033333
1.066667 1.100000 1.133333 1.166667 1.200000 1.233333 1.266667 1.300000 1.333333 1.366667 1.400000 1.433333 1.466667 1.500000 1.533333</float_array>
        <technique_common>
          <accessor source="#mixamorig_Spine2-Matrix-animation-input-array" count="47">
            <param name="TIME" type="float"/>
          </accessor>
        </technique_common>
      </source>
      <source id="mixamorig_Spine2-Matrix-animation-output-transform">
        <float_array id="mixamorig_Spine2-Matrix-animation-output-transform-array" count="752">

0.999968 0.003722 -0.007074 -0.000000 -0.003787 0.999951 -0.009146 9.100000 0.007040 0.009172 0.999933 -1.373400 0.000000 0.000000 0.000000 1.000000
0.999849 0.004242 -0.016853 0.000000 -0.004364 0.999965 -0.007190 9.100000 0.016822 0.007262 0.999832 -1.373400 0.000000 0.000000 0.000000 1.000000
0.999692 0.006483 -0.023971 -0.000000 -0.006523 0.999977 -0.001580 9.100000 0.023961 0.001736 0.999711 -1.373400 0.000000 0.000000 0.000000 1.000000
0.999554 0.010988 -0.027766 -0.000000 -0.010837 0.999926 0.005577 9.100000 0.027825 -0.005274 0.999599 -1.373400 0.000000 0.000000 0.000000 1.000000
0.999384 0.018755 -0.029656 0.000000 -0.018345 0.999733 0.014046 9.100000 0.029912 -0.013493 0.999461 -1.373400 0.000000 0.000000 0.000000 1.000000
0.999176 0.024825 -0.032125 0.000000 -0.024232 0.999531 0.018735 9.100000 0.032575 -0.017941 0.999308 -1.373400 0.000000 0.000000 0.000000 1.000000
0.999064 0.026014 -0.034560 0.000000 -0.025389 0.999508 0.018402 9.100000 0.035022 -0.017508 0.999233 -1.373400 0.000000 0.000000 0.000000 1.000000
0.999140 0.022431 -0.034859 0.000000 -0.021939 0.999655 0.014439 9.100000 0.035171 -0.013661 0.999288 -1.373400 0.000000 0.000000 0.000000 1.000000
0.999254 0.016466 -0.034931 0.000000 -0.016063 0.999802 0.011783 9.100000 0.035118 -0.011213 0.999320 -1.373400 0.000000 0.000000 0.000000 1.000000
0.999343 0.009173 -0.035067 -0.000000 -0.008807 0.999905 0.010585 9.100000 0.035161 -0.010269 0.999329 -1.373400 0.000000 0.000000 0.000000 1.000000
0.999507 0.000137 -0.031408 -0.000000 0.000041 0.999984 0.005665 9.100000 0.031409 -0.005664 0.999491 -1.373400 0.000000 0.000000 0.000000 1.000000
0.999686 -0.008507 -0.023551 -0.000000 0.008491 0.999964 -0.000783 9.100000 0.023557 0.000583 0.999722 -1.373400 0.000000 0.000000 0.000000 1.000000
0.999772 -0.014149 -0.015972 0.000000 0.014112 0.999898 -0.002407 9.100000 0.016005 0.002181 0.999870 -1.373400 0.000000 0.000000 0.000000 1.000000
0.999814 -0.015662 -0.011230 0.000000 0.015672 0.999877 0.000801 9.100000 0.011216 -0.000977 0.999937 -1.373400 0.000000 0.000000 0.000000 1.000000
0.999853 -0.015102 -0.008151 0.000000 0.015131 0.999879 0.003475 9.100000 0.008098 -0.003598 0.999961 -1.373400 0.000000 0.000000 0.000000 1.000000
0.999882 -0.014851 -0.003905 0.000000 0.014856 0.999889 0.001374 9.100000 0.003884 -0.001432 0.999991 -1.373400 0.000000 0.000000 0.000000 1.000000
0.999888 -0.014589 0.003443 0.000000 0.014601 0.999887 -0.003564 9.100000 -0.003391 0.003614 0.999988 -1.373400 0.000000 0.000000 0.000000 1.000000
0.999811 -0.013758 0.013746 -0.000000 0.013853 0.999881 -0.006820 9.100000 -0.013650 0.007009 0.999882 -1.373400 0.000000 0.000000 0.000000 1.000000
0.999579 -0.014295 0.025248 0.000000 0.014467 0.999873 -0.006612 9.100000 -0.025151 0.006974 0.999659 -1.373400 0.000000 0.000000 0.000000 1.000000
0.999264 -0.016948 0.034426 0.000000 0.017086 0.999847 -0.003731 9.100000 -0.034357 0.004317 0.999400 -1.373400 0.000000 0.000000 0.000000 1.000000
0.999039 -0.021215 0.038361 -0.000000 0.021201 0.999775 0.000761 9.100000 -0.038369 0.000053 0.999264 -1.373400 0.000000 0.000000 0.000000 1.000000
0.998872 -0.027974 0.038360 0.000000 0.027679 0.999583 0.008218 9.100000 -0.038574 -0.007147 0.999230 -1.373400 0.000000 0.000000 0.000000 1.000000
0.998659 -0.034777 0.038362 -0.000000 0.034170 0.999282 0.016358 9.100000 -0.038903 -0.015026 0.999130 -1.373400 0.000000 0.000000 0.000000 1.000000
0.998440 -0.038909 0.040042 -0.000000 0.038125 0.999070 0.020162 9.100000 -0.040789 -0.018604 0.998995 -1.373400 0.000000 0.000000 0.000000 1.000000
0.998351 -0.040272 0.040911 -0.000000 0.039467 0.999014 0.020315 9.100000 -0.041688 -0.018667 0.998956 -1.373400 0.000000 0.000000 0.000000 1.000000
0.998461 -0.038766 0.039652 -0.000000 0.038076 0.999112 0.018017 9.100000 -0.040315 -0.016479 0.999051 -1.373400 0.000000 0.000000 0.000000 1.000000
0.998460 -0.036879 0.041444 0.000000 0.036198 0.999199 0.017054 9.100000 -0.042040 -0.015528 0.998995 -1.373400 0.000000 0.000000 0.000000 1.000000
0.998261 -0.035396 0.047145 -0.000000 0.034575 0.999238 0.018113 9.100000 -0.047751 -0.016452 0.998724 -1.373400 0.000000 0.000000 0.000000 1.000000
0.998458 -0.030435 0.046434 -0.000000 0.029590 0.999386 0.018778 9.100000 -0.046977 -0.017375 0.998745 -1.373400 0.000000 0.000000 0.000000 1.000000
0.999201 -0.018568 0.035404 0.000000 0.018019 0.999713 0.015760 9.100000 -0.035686 -0.015110 0.999249 -1.373400 0.000000 0.000000 0.000000 1.000000
0.999756 -0.007228 0.020896 0.000000 0.007031 0.999930 0.009497 9.100000 -0.020963 -0.009348 0.999737 -1.373400 0.000000 0.000000 0.000000 1.000000
0.999930 -0.003580 0.011280 0.000000 0.003543 0.999988 0.003321 9.100000 -0.011292 -0.003281 0.999931 -1.373400 0.000000 0.000000 0.000000 1.000000
0.999933 -0.006084 0.009841 0.000000 0.006073 0.999981 0.001148 9.100000 -0.009848 -0.001088 0.999951 -1.373400 0.000000 0.000000 0.000000 1.000000
0.999901 -0.009292 0.010528 0.000000 0.009264 0.999953 0.002751 9.100000 -0.010553 -0.002654 0.999941 -1.373400 0.000000 0.000000 0.000000 1.000000
0.999935 -0.009364 0.006466 0.000000 0.009354 0.999955 0.001703 9.100000 -0.006481 -0.001643 0.999978 -1.373400 0.000000 0.000000 0.000000 1.000000
0.999959 -0.008616 -0.002625 0.000000 0.008611 0.999961 -0.001934 9.100000 0.002641 0.001911 0.999995 -1.373400 0.000000 0.000000 0.000000 1.000000
0.999869 -0.009995 -0.012727 0.000000 0.009939 0.999941 -0.004384 9.100000 0.012770 0.004257 0.999909 -1.373400 0.000000 0.000000 0.000000 1.000000
0.999728 -0.012525 -0.019695 0.000000 0.012404 0.999904 -0.006245 9.100000 0.019771 0.005999 0.999787 -1.373400 0.000000 0.000000 0.000000 1.000000
0.999667 -0.014137 -0.021609 0.000000 0.013980 0.999875 -0.007396 9.100000 0.021711 0.007092 0.999739 -1.373400 0.000000 0.000000 0.000000 1.000000
0.999690 -0.014431 -0.020300 0.000000 0.014302 0.999877 -0.006473 9.100000 0.020390 0.006181 0.999773 -1.373400 0.000000 0.000000 0.000000 1.000000
0.999691 -0.014485 -0.020190 0.000000 0.014401 0.999887 -0.004286 9.100000 0.020249 0.003994 0.999787 -1.373400 0.000000 0.000000 0.000000 1.000000
0.999660 -0.013495 -0.022311 0.000000 0.013460 0.999908 -0.001735 9.100000 0.022333 0.001434 0.999750 -1.373400 0.000000 0.000000 0.000000 1.000000
0.999656 -0.011076 -0.023769 0.000000 0.011112 0.999937 0.001368 9.100000 0.023753 -0.001631 0.999717 -1.373400 0.000000 0.000000 0.000000 1.000000
0.999705 -0.009081 -0.022505 0.000000 0.009203 0.999944 0.005308 9.100000 0.022456 -0.005514 0.999733 -1.373400 0.000000 0.000000 0.000000 1.000000
0.999776 -0.008796 -0.019261 -0.000000 0.008982 0.999914 0.009572 9.100000 0.019175 -0.009743 0.999769 -1.373400 0.000000 0.000000 0.000000 1.000000
0.999834 -0.009493 -0.015582 0.000000 0.009713 0.999853 0.014108 9.100000 0.015446 -0.014257 0.999779 -1.373400 0.000000 0.000000 0.000000 1.000000
0.999890 -0.009154 -0.011648 0.000000 0.009325 0.999848 0.014729 9.100000 0.011511 -0.014836 0.999824 -1.373400 0.000000 0.000000 0.000000 1.000000</float_array>
        <technique_common>
          <accessor source="#mixamorig_Spine2-Matrix-animation-output-transform-array" count="47" stride="16">
            <param type="float4x4"/>
          </accessor>
        </technique_common>
      </source>
      <source id="mixamorig_Spine2-Interpolations">
        <Name_array id="mixamorig_Spine2-Interpolations-array" count="47">
 LINEAR LINEAR LINEAR LINEAR LINEAR LINEAR LINEAR LINEAR LINEAR LINEAR LINEAR
LINEAR LINEAR LINEAR LINEAR LINEAR LINEAR LINEAR LINEAR LINEAR LINEAR LINEAR LINEAR
LINEAR LINEAR LINEAR LINEAR LINEAR LINEAR LINEAR LINEAR LINEAR LINEAR LINEAR LINEAR
LINEAR LINEAR LINEAR LINEAR LINEAR LINEAR LINEAR LINEAR LINEAR LINEAR LINEAR LINEAR</Name_array>
        <technique_common>
          <accessor source="#mixamorig_Spine2-Interpolations-array" count="47">
            <param type="name"/>
          </accessor>
        </technique_common>
      </source>
      <sampler id="mixamorig_Spine2-Matrix-animation-transform">
        <input semantic="INPUT" source="#mixamorig_Spine2-Matrix-animation-input"/>
        <input semantic="OUTPUT" source="#mixamorig_Spine2-Matrix-animation-output-transform"/>
        <input semantic="INTERPOLATION" source="#mixamorig_Spine2-Interpolations"/>
      </sampler>
      <channel source="#mixamorig_Spine2-Matrix-animation-transform" target="mixamorig_Spine2/matrix"/>
    </animation>
    <animation id="mixamorig_Neck-anim" name="mixamorig_Neck">
      <source id="mixamorig_Neck-Matrix-animation-input">
        <float_array id="mixamorig_Neck-Matrix-animation-input-array" count="47">

0.000000 0.033333 0.066667 0.100000 0.133333 0.166667 0.200000 0.233333 0.266667 0.300000 0.333333 0.366667 0.400000 0.433333 0.466667 0.500000
0.533333 0.566667 0.600000 0.633333 0.666667 0.700000 0.733333 0.766667 0.800000 0.833333 0.866667 0.900000 0.933333 0.966667 1.000000 1.033333
1.066667 1.100000 1.133333 1.166667 1.200000 1.233333 1.266667 1.300000 1.333333 1.366667 1.400000 1.433333 1.466667 1.500000 1.533333</float_array>
        <technique_common>
          <accessor source="#mixamorig_Neck-Matrix-animation-input-array" count="47">
            <param name="TIME" type="float"/>
          </accessor>
        </technique_common>
      </source>
      <source id="mixamorig_Neck-Matrix-animation-output-transform">
        <float_array id="mixamorig_Neck-Matrix-animation-output-transform-array" count="752">

0.999445 0.033163 0.003080 -0.000000 -0.033250 0.998847 0.034630 16.671700 -0.001928 -0.034713 0.999395 -2.516200 0.000000 0.000000 0.000000 1.000000
0.999470 0.032405 0.003053 0.000000 -0.032487 0.998941 0.032566 16.671700 -0.001995 -0.032648 0.999465 -2.516200 0.000000 0.000000 0.000000 1.000000
0.999533 0.030383 0.003111 0.000000 -0.030471 0.998967 0.033717 16.671700 -0.002083 -0.033796 0.999427 -2.516200 0.000000 0.000000 0.000000 1.000000
0.999606 0.027938 0.002661 0.000000 -0.028013 0.999022 0.034211 16.671700 -0.001703 -0.034272 0.999411 -2.516200 0.000000 0.000000 0.000000 1.000000
0.999674 0.025442 0.002073 0.000000 -0.025498 0.999098 0.033971 16.671700 -0.001207 -0.034012 0.999421 -2.516200 0.000000 0.000000 0.000000 1.000000
