<?xml version="1.0" encoding="utf-8"?>
<COLLADA xmlns="http://www.collada.org/2005/11/COLLADASchema" version="1.4.1">
  <asset>
    <contributor>
      <author>Mixamo</author>
      <authoring_tool>COLLADA Mixamo exporter</authoring_tool>
      <comments/>
    </contributor>
    <created>2021-11-11T20:29:16Z</created>
    <modified>2021-11-11T20:29:16Z</modified>
    <revision/>
    <title/>
    <unit meter="0.010000"/>
    <up_axis>Y_UP</up_axis>
  </asset>
  <library_animations>
    <animation id="mixamorig_Hips-anim" name="mixamorig_Hips">
      <source id="mixamorig_Hips-Matrix-animation-input">
        <float_array id="mixamorig_Hips-Matrix-animation-input-array" count="36">

0.000000 0.033333 0.066667 0.100000 0.133333 0.166667 0.200000 0.233333 0.266667 0.300000 0.333333 0.366667 0.400000 0.433333 0.466667 0.500000
0.533333 0.566667 0.600000 0.633333 0.666667 0.700000 0.733333 0.766667 0.800000 0.833333 0.866667 0.900000 0.933333 0.966667 1.000000 1.033333
1.066667 1.100000 1.133333 1.166667</float_array>
        <technique_common>
          <accessor source="#mixamorig_Hips-Matrix-animation-input-array" count="36">
            <param name="TIME" type="float"/>
          </accessor>
        </technique_common>
      </source>
      <source id="mixamorig_Hips-Matrix-animation-output-transform">
        <float_array id="mixamorig_Hips-Matrix-animation-output-transform-array" count="576">

0.999605 0.020421 -0.019319 -3.799262 -0.019444 0.998587 0.049455 101.738785 0.020302 -0.049060 0.998589 1.626489 0.000000 0.000000 0.000000 1.000000
0.999677 0.021025 -0.014262 -3.536908 -0.020462 0.999047 0.038552 101.825592 0.015059 -0.038247 0.999155 5.787863 0.000000 0.000000 0.000000 1.000000
0.999652 0.022895 -0.013074 -3.126874 -0.022477 0.999258 0.031264 101.476631 0.013780 -0.030959 0.999426 9.982981 0.000000 0.000000 0.000000 1.000000
0.999303 0.033252 -0.016972 -2.658022 -0.032798 0.999114 0.026359 100.387253 0.017834 -0.025784 0.999508 14.520520 0.000000 0.000000 0.000000 1.000000
0.998176 0.055168 -0.024520 -2.125858 -0.054533 0.998177 0.025877 98.755463 0.025903 -0.024493 0.999364 19.554192 0.000000 0.000000 0.000000 1.000000
0.997684 0.059613 -0.032751 -1.728771 -0.058781 0.997937 0.025816 97.728104 0.034223 -0.023831 0.999130 24.374008 0.000000 0.000000 0.000000 1.000000
0.997815 0.052872 -0.039615 -1.299492 -0.051831 0.998295 0.026849 97.066437 0.040967 -0.024737 0.998854 29.103134 0.000000 0.000000 0.000000 1.000000
0.998355 0.038358 -0.042607 -0.791381 -0.037165 0.998904 0.028462 96.720139 0.043652 -0.026832 0.998686 33.982010 0.000000 0.000000 0.000000 1.000000
0.999135 0.013130 -0.039461 -0.351634 -0.012069 0.999562 0.027019 96.776779 0.039798 -0.026519 0.998856 38.871220 0.000000 0.000000 0.000000 1.000000
0.999273 -0.024553 -0.029174 -0.050768 0.025385 0.999271 0.028525 97.263008 0.028452 -0.029244 0.999167 43.478321 0.000000 0.000000 0.000000 1.000000
0.998311 -0.055600 -0.016858 0.287831 0.056332 0.997323 0.046616 97.555138 0.014221 -0.047487 0.998771 48.169437 0.000000 0.000000 0.000000 1.000000
0.997003 -0.076226 -0.013214 0.687509 0.076962 0.994627 0.069239 97.949707 0.007865 -0.070049 0.997513 52.796436 0.000000 0.000000 0.000000 1.000000
0.995857 -0.088020 -0.022824 1.034539 0.089491 0.993203 0.074432 98.422485 0.016117 -0.076167 0.996965 57.159409 0.000000 0.000000 0.000000 1.000000
0.994868 -0.093525 -0.038621 1.195532 0.095878 0.993310 0.064369 99.054565 0.032343 -0.067742 0.997179 61.379543 0.000000 0.000000 0.000000 1.000000
0.994607 -0.091719 -0.048413 1.182788 0.094299 0.994078 0.054009 99.771767 0.043173 -0.058283 0.997366 65.424339 0.000000 0.000000 0.000000 1.000000
0.995525 -0.082504 -0.046076 1.110710 0.084857 0.995051 0.051693 100.495544 0.041583 -0.055371 0.997600 69.302811 0.000000 0.000000 0.000000 1.000000
0.996832 -0.071614 -0.034595 1.009946 0.073417 0.995837 0.054025 101.144043 0.030582 -0.056394 0.997940 73.043892 0.000000 0.000000 0.000000 1.000000
0.997692 -0.064871 -0.020078 0.889856 0.065835 0.996486 0.051787 101.556252 0.016648 -0.052989 0.998456 76.653725 0.000000 0.000000 0.000000 1.000000
0.997859 -0.065087 -0.006412 0.730800 0.065303 0.996947 0.042799 101.521744 0.003607 -0.043126 0.999063 80.244102 0.000000 0.000000 0.000000 1.000000
0.997440 -0.071321 0.005245 0.543040 0.071100 0.996875 0.034429 100.939384 -0.007684 -0.033968 0.999393 84.081017 0.000000 0.000000 0.000000 1.000000
0.996400 -0.083383 0.015303 0.305498 0.082841 0.996011 0.033173 100.010460 -0.018008 -0.031786 0.999332 88.290955 0.000000 0.000000 0.000000 1.000000
0.994271 -0.104046 0.024504 -0.033041 0.103104 0.993982 0.037000 98.680374 -0.028206 -0.034262 0.999015 92.887894 0.000000 0.000000 0.000000 1.000000
0.992995 -0.114062 0.030835 -0.360785 0.112872 0.992886 0.037920 97.724281 -0.034941 -0.034174 0.998805 97.290138 0.000000 0.000000 0.000000 1.000000
0.992758 -0.115491 0.033074 -0.661686 0.114185 0.992695 0.038971 96.974113 -0.037334 -0.034913 0.998693 101.523300 0.000000 0.000000 0.000000 1.000000
0.993779 -0.106917 0.031184 -1.002113 0.105520 0.993467 0.043452 96.558029 -0.035626 -0.039892 0.998569 105.920486 0.000000 0.000000 0.000000 1.000000
0.995857 -0.087262 0.025580 -1.491863 0.086065 0.995287 0.044692 96.575989 -0.029360 -0.042306 0.998673 110.728493 0.000000 0.000000 0.000000 1.000000
0.998316 -0.056582 0.012771 -1.992269 0.056025 0.997610 0.040452 96.991737 -0.015029 -0.039668 0.999100 115.454056 0.000000 0.000000 0.000000 1.000000
0.999636 -0.024847 -0.010539 -2.318521 0.025263 0.998821 0.041450 97.274475 0.009497 -0.041701 0.999085 119.938614 0.000000 0.000000 0.000000 1.000000
0.999226 0.002210 -0.039264 -2.587963 -0.000161 0.998641 0.052111 97.525162 0.039326 -0.052064 0.997869 124.369919 0.000000 0.000000 0.000000 1.000000
0.997941 0.021650 -0.060370 -2.960633 -0.018078 0.998089 0.059091 97.995293 0.061534 -0.057878 0.996425 128.633774 0.000000 0.000000 0.000000 1.000000
0.997442 0.029561 -0.065082 -3.350665 -0.026079 0.998215 0.053725 98.640732 0.066554 -0.051890 0.996433 132.549713 0.000000 0.000000 0.000000 1.000000
0.997974 0.029356 -0.056453 -3.624589 -0.026829 0.998626 0.045010 99.390945 0.057697 -0.043405 0.997390 136.248062 0.000000 0.000000 0.000000 1.000000
0.998638 0.027886 -0.044105 -3.804142 -0.025853 0.998607 0.046001 100.123573 0.045326 -0.044798 0.997967 139.846466 0.000000 0.000000 0.000000 1.000000
0.999105 0.025118 -0.034039 -3.924888 -0.023222 0.998217 0.054994 100.823242 0.035360 -0.054154 0.997906 143.401962 0.000000 0.000000 0.000000 1.000000
0.999439 0.020808 -0.026232 -3.957601 -0.019246 0.998104 0.058467 101.456573 0.027398 -0.057929 0.997945 146.833618 0.000000 0.000000 0.000000 1.000000
0.999605 0.020415 -0.019319 -3.799222 -0.019439 0.998587 0.049455 101.738579 0.020301 -0.049060 0.998589 150.186020 0.000000 0.000000 0.000000 1.000000</float_array>
        <technique_common>
          <accessor source="#mixamorig_Hips-Matrix-animation-output-transform-array" count="36" stride="16">
            <param type="float4x4"/>
          </accessor>
        </technique_common>
      </source>
      <source id="mixamorig_Hips-Interpolations">
        <Name_array id="mixamorig_Hips-Interpolations-array" count="36">
 LINEAR LINEAR LINEAR LINEAR LINEAR LINEAR LINEAR LINEAR LINEAR LINEAR LINEAR
LINEAR LINEAR LINEAR LINEAR LINEAR LINEAR LINEAR LINEAR LINEAR LINEAR LINEAR LINEAR
LINEAR LINEAR LINEAR LINEAR LINEAR LINEAR LINEAR LINEAR LINEAR LINEAR LINEAR LINEAR
LINEAR</Name_array>
        <technique_common>
          <accessor source="#mixamorig_Hips-Interpolations-array" count="36">
            <param type="name"/>
          </accessor>
        </technique_common>
      </source>
      <sampler id="mixamorig_Hips-Matrix-animation-transform">
        <input semantic="INPUT" source="#mixamorig_Hips-Matrix-animation-input"/>
        <input semantic="OUTPUT" source="#mixamorig_Hips-Matrix-animation-output-transform"/>
        <input semantic="INTERPOLATION" source="#mixamorig_Hips-Interpolations"/>
      </sampler>
      <channel source="#mixamorig_Hips-Matrix-animation-transform" target="mixamorig_Hips/matrix"/>
    </animation>
    <animation id="mixamorig_Spine-anim" name="mixamorig_Spine">
      <source id="mixamorig_Spine-Matrix-animation-input">
        <float_array id="mixamorig_Spine-Matrix-animation-input-array" count="36">

0.000000 0.033333 0.066667 0.100000 0.133333 0.166667 0.200000 0.233333 0.266667 0.300000 0.333333 0.366667 0.400000 0.433333 0.466667 0.500000
0.533333 0.566667 0.600000 0.633333 0.666667 0.700000 0.733333 0.766667 0.800000 0.833333 0.866667 0.900000 0.933333 0.966667 1.000000 1.033333
1.066667 1.100000 1.133333 1.166667</float_array>
        <technique_common>
          <accessor source="#mixamorig_Spine-Matrix-animation-input-array" count="36">
            <param name="TIME" type="float"/>
          </accessor>
        </technique_common>
      </source>
      <source id="mixamorig_Spine-Matrix-animation-output-transform">
        <float_array id="mixamorig_Spine-Matrix-animation-output-transform-array" count="576">

0.998573 -0.029049 0.044817 -0.000000 0.029502 0.999520 -0.009489 10.181600 -0.044520 0.010797 0.998950 0.131500 0.000000 0.000000 0.000000 1.000000
0.997747 -0.039001 0.054581 0.000000 0.039342 0.999212 -0.005180 10.181600 -0.054336 0.007316 0.998496 0.131500 0.000000 0.000000 0.000000 1.000000
0.996659 -0.050875 0.063889 0.000000 0.050929 0.998702 0.000792 10.181600 -0.063846 0.002464 0.997957 0.131500 0.000000 0.000000 0.000000 1.000000
0.995282 -0.063893 0.073022 -0.000000 0.063496 0.997952 0.007748 10.181600 -0.073367 -0.003075 0.997300 0.131500 0.000000 0.000000 0.000000 1.000000
0.993520 -0.080451 0.080279 0.000000 0.079488 0.996721 0.015128 10.181600 -0.081233 -0.008649 0.996658 0.131500 0.000000 0.000000 0.000000 1.000000
0.992574 -0.088701 0.083241 0.000000 0.087301 0.995975 0.020319 10.181600 -0.084708 -0.012901 0.996322 0.131500 0.000000 0.000000 0.000000 1.000000
0.992980 -0.085428 0.081806 0.000000 0.083856 0.996224 0.022477 10.181600 -0.083417 -0.015459 0.996395 0.131500 0.000000 0.000000 0.000000 1.000000
0.994808 -0.067619 0.076060 -0.000000 0.066290 0.997603 0.019858 10.181600 -0.077220 -0.014713 0.996905 0.131500 0.000000 0.000000 0.000000 1.000000
0.996756 -0.042095 0.068590 0.000000 0.041297 0.999062 0.013015 10.181600 -0.069073 -0.010141 0.997560 0.131500 0.000000 0.000000 0.000000 1.000000
0.998055 -0.013469 0.060865 0.000000 0.013289 0.999906 0.003357 10.181600 -0.060905 -0.002542 0.998140 0.131500 0.000000 0.000000 0.000000 1.000000
0.998478 0.011504 0.053934 0.000000 -0.011180 0.999918 -0.006300 10.181600 -0.054002 0.005687 0.998525 0.131500 0.000000 0.000000 0.000000 1.000000
0.998366 0.029535 0.048921 0.000000 -0.028950 0.999501 -0.012634 10.181600 -0.049269 0.011197 0.998723 0.131500 0.000000 0.000000 0.000000 1.000000
0.998237 0.039244 0.044528 0.000000 -0.038619 0.999144 -0.014805 10.181600 -0.045071 0.013059 0.998898 0.131500 0.000000 0.000000 0.000000 1.000000
0.998396 0.041416 0.038593 0.000000 -0.040901 0.999065 -0.014031 10.181600 -0.039138 0.012430 0.999157 0.131500 0.000000 0.000000 0.000000 1.000000
0.998809 0.038746 0.029668 0.000000 -0.038384 0.999183 -0.012657 10.181600 -0.030134 0.011503 0.999480 0.131500 0.000000 0.000000 0.000000 1.000000
0.999289 0.033368 0.017568 -0.000000 -0.033149 0.999371 -0.012609 10.181600 -0.017977 0.012018 0.999766 0.131500 0.000000 0.000000 0.000000 1.000000
0.999605 0.027902 0.003451 0.000000 -0.027853 0.999518 -0.013738 10.181600 -0.003832 0.013637 0.999900 0.131500 0.000000 0.000000 0.000000 1.000000
0.999595 0.026299 -0.010886 0.000000 -0.026450 0.999552 -0.014029 10.181600 0.010512 0.014311 0.999842 0.131500 0.000000 0.000000 0.000000 1.000000
0.999215 0.031676 -0.023794 0.000000 -0.031955 0.999424 -0.011450 10.181600 0.023417 0.012202 0.999651 0.131500 0.000000 0.000000 0.000000 1.000000
0.998426 0.044350 -0.034317 0.000000 -0.044569 0.998990 -0.005638 10.181600 0.034032 0.007158 0.999395 0.131500 0.000000 0.000000 0.000000 1.000000
0.997200 0.061560 -0.042454 -0.000000 -0.061541 0.998103 0.001755 10.181600 0.042482 0.000862 0.999097 0.131500 0.000000 0.000000 0.000000 1.000000
0.995575 0.080274 -0.048849 0.000000 -0.079966 0.996764 0.008236 10.181600 0.049352 -0.004293 0.998772 0.131500 0.000000 0.000000 0.000000 1.000000
0.994396 0.091782 -0.052460 0.000000 -0.091292 0.995756 0.011670 10.181600 0.053308 -0.006816 0.998555 0.131500 0.000000 0.000000 0.000000 1.000000
0.994457 0.090499 -0.053526 0.000000 -0.090005 0.995874 0.011586 10.181600 0.054353 -0.006704 0.998499 0.131500 0.000000 0.000000 0.000000 1.000000
0.995736 0.075986 -0.052308 -0.000000 -0.075646 0.997099 0.008454 10.181600 0.052798 -0.004461 0.998595 0.131500 0.000000 0.000000 0.000000 1.000000
0.997261 0.055088 -0.049357 -0.000000 -0.054958 0.998481 0.003979 10.181600 0.049501 -0.001256 0.998773 0.131500 0.000000 0.000000 0.000000 1.000000
0.998562 0.030363 -0.044183 -0.000000 -0.030436 0.999536 -0.000980 10.181600 0.044132 0.002324 0.999023 0.131500 0.000000 0.000000 0.000000 1.000000
0.999296 0.007759 -0.036716 0.000000 -0.007970 0.999953 -0.005603 10.181600 0.036671 0.005892 0.999310 0.131500 0.000000 0.000000 0.000000 1.000000
0.999561 -0.009721 -0.028001 0.000000 0.009491 0.999920 -0.008321 10.181600 0.028080 0.008051 0.999573 0.131500 0.000000 0.000000 0.000000 1.000000
0.999612 -0.020323 -0.019027 0.000000 0.020162 0.999760 -0.008609 10.181600 0.019197 0.008222 0.999782 0.131500 0.000000 0.000000 0.000000 1.000000
0.999666 -0.024101 -0.009345 0.000000 0.024031 0.999683 -0.007572 10.181600 0.009524 0.007345 0.999928 0.131500 0.000000 0.000000 0.000000 1.000000
0.999711 -0.024020 0.001148 0.000000 0.024027 0.999688 -0.006824 10.181600 -0.000983 0.006850 0.999976 0.131500 0.000000 0.000000 0.000000 1.000000
0.999654 -0.023370 0.012056 0.000000 0.023462 0.999696 -0.007531 10.181600 -0.011876 0.007811 0.999899 0.131500 0.000000 0.000000 0.000000 1.000000
0.999473 -0.022644 0.023248 0.000000 0.022875 0.999691 -0.009716 10.181600 -0.023021 0.010243 0.999683 0.131500 0.000000 0.000000 0.000000 1.000000
0.999134 -0.023451 0.034377 0.000000 0.023846 0.999654 -0.011142 10.181600 -0.034104 0.011953 0.999347 0.131500 0.000000 0.000000 0.000000 1.000000
0.998573 -0.029044 0.044817 0.000000 0.029498 0.999520 -0.009489 10.181600 -0.044519 0.010797 0.998950 0.131500 0.000000 0.000000 0.000000 1.000000</float_array>
        <technique_common>
          <accessor source="#mixamorig_Spine-Matrix-animation-output-transform-array" count="36" stride="16">
            <param type="float4x4"/>
          </accessor>
        </technique_common>
      </source>
      <source id="mixamorig_Spine-Interpolations">
        <Name_array id="mixamorig_Spine-Interpolations-array" count="36">
 LINEAR LINEAR LINEAR LINEAR LINEAR LINEAR LINEAR LINEAR LINEAR LINEAR LINEAR
LINEAR LINEAR LINEAR LINEAR LINEAR LINEAR LINEAR LINEAR LINEAR LINEAR LINEAR LINEAR
LINEAR LINEAR LINEAR LINEAR LINEAR LINEAR LINEAR LINEAR LINEAR LINEAR LINEAR LINEAR
LINEAR</Name_array>
        <technique_common>
          <accessor source="#mixamorig_Spine-Interpolations-array" count="36">
            <param type="name"/>
          </accessor>
        </technique_common>
      </source>
      <sampler id="mixamorig_Spine-Matrix-animation-transform">
        <input semantic="INPUT" source="#mixamorig_Spine-Matrix-animation-input"/>
        <input semantic="OUTPUT" source="#mixamorig_Spine-Matrix-animation-output-transform"/>
        <input semantic="INTERPOLATION" source="#mixamorig_Spine-Interpolations"/>
      </sampler>
      <channel source="#mixamorig_Spine-Matrix-animation-transform" target="mixamorig_Spine/matrix"/>
    </animation>
    <animation id="mixamorig_Spine1-anim" name="mixamorig_Spine1">
      <source id="mixamorig_Spine1-Matrix-animation-input">
        <float_array id="mixamorig_Spine1-Matrix-animation-input-array" count="36">

0.000000 0.033333 0.066667 0.100000 0.133333 0.166667 0.200000 0.233333 0.266667 0.300000 0.333333 0.366667 0.400000 0.433333 0.466667 0.500000
0.533333 0.566667 0.600000 0.633333 0.666667 0.700000 0.733333 0.766667 0.800000 0.833333 0.866667 0.900000 0.933333 0.966667 1.000000 1.033333
1.066667 1.100000 1.133333 1.166667</float_array>
        <technique_common>
          <accessor source="#mixamorig_Spine1-Matrix-animation-input-array" count="36">
            <param name="TIME" type="float"/>
          </accessor>
        </technique_common>
      </source>
      <source id="mixamorig_Spine1-Matrix-animation-output-transform">
        <float_array id="mixamorig_Spine1-Matrix-animation-output-transform-array" count="576">

0.999386 -0.016707 0.030800 0.000000 0.016834 0.999851 -0.003862 10.083500 -0.030731 0.004378 0.999518 -1.000800 0.000000 0.000000 0.000000 1.000000
0.999081 -0.018264 0.038770 -0.000000 0.018305 0.999832 -0.000698 10.083500 -0.038751 0.001407 0.999248 -1.000800 0.000000 0.000000 0.000000 1.000000
0.998709 -0.020405 0.046520 0.000000 0.020232 0.999787 0.004191 10.083500 -0.046596 -0.003244 0.998909 -1.000800 0.000000 0.000000 0.000000 1.000000
0.998312 -0.023249 0.053230 -0.000000 0.022730 0.999688 0.010338 10.083500 -0.053453 -0.009111 0.998529 -1.000800 0.000000 0.000000 0.000000 1.000000
0.997982 -0.026319 0.057788 0.000000 0.025380 0.999535 0.016927 10.083500 -0.058207 -0.015426 0.998185 -1.000800 0.000000 0.000000 0.000000 1.000000
0.997827 -0.028043 0.059617 -0.000000 0.026783 0.999403 0.021819 10.083500 -0.060194 -0.020175 0.997983 -1.000800 0.000000 0.000000 0.000000 1.000000
0.997865 -0.027666 0.059164 0.000000 0.026280 0.999365 0.024083 10.083500 -0.059792 -0.022476 0.997958 -1.000800 0.000000 0.000000 0.000000 1.000000
0.998110 -0.023633 0.056720 0.000000 0.022414 0.999506 0.022028 10.083500 -0.057212 -0.020715 0.998147 -1.000800 0.000000 0.000000 0.000000 1.000000
0.998483 -0.016573 0.052508 0.000000 0.015740 0.999744 0.016235 10.083500 -0.052763 -0.015384 0.998489 -1.000800 0.000000 0.000000 0.000000 1.000000
0.998851 -0.008223 0.047203 -0.000000 0.007850 0.999936 0.008088 10.083500 -0.047266 -0.007708 0.998853 -1.000800 0.000000 0.000000 0.000000 1.000000
0.999119 -0.000282 0.041974 0.000000 0.000286 1.000000 -0.000082 10.083500 -0.041974 0.000094 0.999119 -1.000800 0.000000 0.000000 0.000000 1.000000
0.999272 0.005661 0.037732 0.000000 -0.005461 0.999971 -0.005400 10.083500 -0.037761 0.005190 0.999273 -1.000800 0.000000 0.000000 0.000000 1.000000
0.999372 0.009211 0.034204 -0.000000 -0.008970 0.999934 -0.007182 10.083500 -0.034267 0.006870 0.999389 -1.000800 0.000000 0.000000 0.000000 1.000000
0.999498 0.010506 0.029880 0.000000 -0.010317 0.999926 -0.006475 10.083500 -0.029945 0.006164 0.999533 -1.000800 0.000000 0.000000 0.000000 1.000000
0.999685 0.009811 0.023092 0.000000 -0.009690 0.999939 -0.005320 10.083500 -0.023143 0.005095 0.999719 -1.000800 0.000000 0.000000 0.000000 1.000000
0.999881 0.007741 0.013351 -0.000000 -0.007668 0.999955 -0.005507 10.083500 -0.013393 0.005404 0.999896 -1.000800 0.000000 0.000000 0.000000 1.000000
0.999984 0.005328 0.001810 0.000000 -0.005316 0.999962 -0.006938 10.083500 -0.001847 0.006928 0.999974 -1.000800 0.000000 0.000000 0.000000 1.000000
0.999948 0.003866 -0.009429 -0.000000 -0.003939 0.999963 -0.007686 10.083500 0.009399 0.007723 0.999926 -1.000800 0.000000 0.000000 0.000000 1.000000
0.999818 0.004643 -0.018509 0.000000 -0.004749 0.999973 -0.005677 10.083500 0.018482 0.005764 0.999813 -1.000800 0.000000 0.000000 0.000000 1.000000
0.999662 0.008294 -0.024643 0.000000 -0.008305 0.999965 -0.000355 10.083500 0.024639 0.000559 0.999696 -1.000800 0.000000 0.000000 0.000000 1.000000
0.999501 0.014210 -0.028208 -0.000000 -0.014023 0.999878 0.006815 10.083500 0.028301 -0.006416 0.999579 -1.000800 0.000000 0.000000 0.000000 1.000000
0.999329 0.020637 -0.030270 0.000000 -0.020241 0.999707 0.013308 10.083500 0.030535 -0.012686 0.999453 -1.000800 0.000000 0.000000 0.000000 1.000000
0.999170 0.025323 -0.031897 0.000000 -0.024788 0.999547 0.017046 10.083500 0.032314 -0.016242 0.999346 -1.000800 0.000000 0.000000 0.000000 1.000000
0.999083 0.026542 -0.033594 0.000000 -0.025966 0.999510 0.017495 10.083500 0.034041 -0.016607 0.999282 -1.000800 0.000000 0.000000 0.000000 1.000000
0.999112 0.023396 -0.035055 0.000000 -0.022881 0.999625 0.015019 10.083500 0.035393 -0.014204 0.999273 -1.000800 0.000000 0.000000 0.000000 1.000000
0.999235 0.016744 -0.035329 0.000000 -0.016360 0.999804 0.011139 10.083500 0.035508 -0.010552 0.999314 -1.000800 0.000000 0.000000 0.000000 1.000000
0.999407 0.008083 -0.033466 0.000000 -0.007860 0.999946 0.006776 10.083500 0.033519 -0.006509 0.999417 -1.000800 0.000000 0.000000 0.000000 1.000000
0.999573 -0.001032 -0.029208 0.000000 0.001110 0.999996 0.002646 10.083500 0.029205 -0.002677 0.999570 -1.000800 0.000000 0.000000 0.000000 1.000000
0.999695 -0.008625 -0.023150 0.000000 0.008631 0.999963 0.000153 10.083500 0.023148 -0.000353 0.999732 -1.000800 0.000000 0.000000 0.000000 1.000000
0.999778 -0.013533 -0.016160 0.000000 0.013530 0.999908 -0.000290 10.083500 0.016162 0.000071 0.999869 -1.000800 0.000000 0.000000 0.000000 1.000000
0.999838 -0.015705 -0.008737 0.000000 0.015709 0.999877 0.000353 10.083500 0.008730 -0.000490 0.999962 -1.000800 0.000000 0.000000 0.000000 1.000000
0.999873 -0.015934 -0.001014 -0.000000 0.015935 0.999873 0.000748 10.083500 0.001002 -0.000764 0.999999 -1.000800 0.000000 0.000000 0.000000 1.000000
0.999857 -0.015449 0.006938 0.000000 0.015450 0.999881 -0.000150 10.083500 -0.006934 0.000257 0.999976 -1.000800 0.000000 0.000000 0.000000 1.000000
0.999772 -0.015206 0.014979 0.000000 0.015246 0.999881 -0.002539 10.083500 -0.014939 0.002767 0.999885 -1.000800 0.000000 0.000000 0.000000 1.000000
0.999616 -0.015641 0.022888 -0.000000 0.015750 0.999865 -0.004581 10.083500 -0.022813 0.004940 0.999728 -1.000800 0.000000 0.000000 0.000000 1.000000
0.999386 -0.016708 0.030800 0.000000 0.016834 0.999851 -0.003862 10.083500 -0.030731 0.004378 0.999518 -1.000800 0.000000 0.000000 0.000000 1.000000</float_array>
        <technique_common>
          <accessor source="#mixamorig_Spine1-Matrix-animation-output-transform-array" count="36" stride="16">
            <param type="float4x4"/>
          </accessor>
        </technique_common>
      </source>
      <source id="mixamorig_Spine1-Interpolations">
        <Name_array id="mixamorig_Spine1-Interpolations-array" count="36">
 LINEAR LINEAR LINEAR LINEAR LINEAR LINEAR LINEAR LINEAR LINEAR LINEAR LINEAR
LINEAR LINEAR LINEAR LINEAR LINEAR LINEAR LINEAR LINEAR LINEAR LINEAR LINEAR LINEAR
LINEAR LINEAR LINEAR LINEAR LINEAR LINEAR LINEAR LINEAR LINEAR LINEAR LINEAR LINEAR
LINEAR</Name_array>
        <technique_common>
          <accessor source="#mixamorig_Spine1-Interpolations-array" count="36">
            <param type="name"/>
          </accessor>
        </technique_common>
      </source>
      <sampler id="mixamorig_Spine1-Matrix-animation-transform">
        <input semantic="INPUT" source="#mixamorig_Spine1-Matrix-animation-input"/>
        <input semantic="OUTPUT" source="#mixamorig_Spine1-Matrix-animation-output-transform"/>
        <input semantic="INTERPOLATION" source="#mixamorig_Spine1-Interpolations"/>
      </sampler>
      <channel source="#mixamorig_Spine1-Matrix-animation-transform" target="mixamorig_Spine1/matrix"/>
    </animation>
    <animation id="mixamorig_Spine2-anim" name="mixamorig_Spine2">
      <source id="mixamorig_Spine2-Matrix-animation-input">
        <float_array id="mixamorig_Spine2-Matrix-animation-input-array" count="36">

0.000000 0.033333 0.066667 0.100000 0.133333 0.166667 0.200000 0.233333 0.266667 0.300000 0.333333 0.366667 0.400000 0.433333 0.466667 0.500000
0.533333 0.566667 0.600000 0.633333 0.666667 0.700000 0.733333 0.766667 0.800000 0.833333 0.866667 0.900000 0.933333 0.966667 1.000000 1.033333
1.066667 1.100000 1.133333 1.166667</float_array>
        <technique_common>
          <accessor source="#mixamorig_Spine2-Matrix-animation-input-array" count="36">
            <param name="TIME" type="float"/>
          </accessor>
        </technique_common>
      </source>
      <source id="mixamorig_Spine2-Matrix-animation-output-transform">
        <float_array id="mixamorig_Spine2-Matrix-animation-output-transform-array" count="576">

0.999377 -0.016409 0.031260 0.000000 0.016542 0.999855 -0.004003 9.100000 -0.031190 0.004517 0.999503 -1.373400 0.000000 0.000000 0.000000 1.000000
0.999074 -0.017765 0.039192 -0.000000 0.017808 0.999841 -0.000744 9.100000 -0.039172 0.001441 0.999231 -1.373400 0.000000 0.000000 0.000000 1.000000
0.998706 -0.019644 0.046913 0.000000 0.019464 0.999801 0.004294 9.100000 -0.046988 -0.003375 0.998890 -1.373400 0.000000 0.000000 0.000000 1.000000
0.998314 -0.022149 0.053649 -0.000000 0.021609 0.999710 0.010617 9.100000 -0.053869 -0.009440 0.998503 -1.373400 0.000000 0.000000 0.000000 1.000000
0.997990 -0.024850 0.058292 -0.000000 0.023875 0.999564 0.017369 9.100000 -0.058698 -0.015942 0.998148 -1.373400 0.000000 0.000000 0.000000 1.000000
0.997839 -0.026336 0.060194 -0.000000 0.025030 0.999437 0.022344 9.100000 -0.060748 -0.020789 0.997937 -1.373400 0.000000 0.000000 0.000000 1.000000
0.997877 -0.025928 0.059740 0.000000 0.024495 0.999397 0.024599 9.100000 -0.060342 -0.023084 0.997911 -1.373400 0.000000 0.000000 0.000000 1.000000
0.998118 -0.022148 0.057177 0.000000 0.020895 0.999530 0.022414 9.100000 -0.057646 -0.021177 0.998112 -1.373400 0.000000 0.000000 0.000000 1.000000
0.998486 -0.015473 0.052791 0.000000 0.014624 0.999758 0.016431 9.100000 -0.053033 -0.015634 0.998470 -1.373400 0.000000 0.000000 0.000000 1.000000
0.998852 -0.007491 0.047315 -0.000000 0.007115 0.999942 0.008104 9.100000 -0.047373 -0.007758 0.998847 -1.373400 0.000000 0.000000 0.000000 1.000000
0.999120 0.000198 0.041954 0.000000 -0.000190 1.000000 -0.000194 9.100000 -0.041954 0.000186 0.999120 -1.373400 0.000000 0.000000 0.000000 1.000000
0.999274 0.006037 0.037623 0.000000 -0.005831 0.999968 -0.005564 9.100000 -0.037655 0.005341 0.999277 -1.373400 0.000000 0.000000 0.000000 1.000000
0.999375 0.009561 0.034046 0.000000 -0.009316 0.999930 -0.007343 9.100000 -0.034114 0.007022 0.999393 -1.373400 0.000000 0.000000 0.000000 1.000000
0.999500 0.010836 0.029702 0.000000 -0.010644 0.999921 -0.006611 9.100000 -0.029772 0.006292 0.999537 -1.373400 0.000000 0.000000 0.000000 1.000000
0.999687 0.010084 0.022911 0.000000 -0.009962 0.999936 -0.005422 9.100000 -0.022964 0.005192 0.999723 -1.373400 0.000000 0.000000 0.000000 1.000000
0.999882 0.007916 0.013177 -0.000000 -0.007843 0.999954 -0.005564 9.100000 -0.013220 0.005460 0.999898 -1.373400 0.000000 0.000000 0.000000 1.000000
0.999984 0.005382 0.001656 0.000000 -0.005371 0.999962 -0.006928 9.100000 -0.001693 0.006919 0.999975 -1.373400 0.000000 0.000000 0.000000 1.000000
0.999947 0.003794 -0.009556 0.000000 -0.003867 0.999964 -0.007568 9.100000 0.009527 0.007604 0.999926 -1.373400 0.000000 0.000000 0.000000 1.000000
0.999817 0.004431 -0.018620 0.000000 -0.004533 0.999975 -0.005411 9.100000 0.018595 0.005495 0.999812 -1.373400 0.000000 0.000000 0.000000 1.000000
0.999662 0.007902 -0.024780 0.000000 -0.007903 0.999969 0.000084 9.100000 0.024780 0.000112 0.999693 -1.373400 0.000000 0.000000 0.000000 1.000000
0.999503 0.013593 -0.028443 0.000000 -0.013387 0.999883 0.007423 9.100000 0.028541 -0.007039 0.999568 -1.373400 0.000000 0.000000 0.000000 1.000000
0.999334 0.019779 -0.030666 0.000000 -0.019355 0.999714 0.014063 9.100000 0.030935 -0.013460 0.999431 -1.373400 0.000000 0.000000 0.000000 1.000000
0.999179 0.024270 -0.032454 0.000000 -0.023697 0.999559 0.017911 9.100000 0.032874 -0.017127 0.999313 -1.373400 0.000000 0.000000 0.000000 1.000000
0.999092 0.025390 -0.034221 -0.000000 -0.024770 0.999523 0.018424 9.100000 0.034673 -0.017559 0.999244 -1.373400 0.000000 0.000000 0.000000 1.000000
0.999118 0.022275 -0.035608 -0.000000 -0.021718 0.999637 0.015942 9.100000 0.035950 -0.015154 0.999239 -1.373400 0.000000 0.000000 0.000000 1.000000
0.999239 0.015754 -0.035694 -0.000000 -0.015334 0.999811 0.011986 9.100000 0.035876 -0.011430 0.999291 -1.373400 0.000000 0.000000 0.000000 1.000000
0.999409 0.007278 -0.033608 0.000000 -0.007030 0.999947 0.007488 9.100000 0.033661 -0.007248 0.999407 -1.373400 0.000000 0.000000 0.000000 1.000000
0.999573 -0.001639 -0.029166 0.000000 0.001733 0.999993 0.003184 9.100000 0.029161 -0.003234 0.999570 -1.373400 0.000000 0.000000 0.000000 1.000000
0.999695 -0.009068 -0.022981 -0.000000 0.009083 0.999959 0.000530 9.100000 0.022975 -0.000739 0.999736 -1.373400 0.000000 0.000000 0.000000 1.000000
0.999778 -0.013852 -0.015896 0.000000 0.013854 0.999904 -0.000033 9.100000 0.015895 -0.000187 0.999874 -1.373400 0.000000 0.000000 0.000000 1.000000
0.999838 -0.015922 -0.008399 0.000000 0.015927 0.999873 0.000529 9.100000 0.008389 -0.000663 0.999965 -1.373400 0.000000 0.000000 0.000000 1.000000
0.999871 -0.016059 -0.000622 -0.000000 0.016060 0.999871 0.000857 9.100000 0.000608 -0.000867 0.999999 -1.373400 0.000000 0.000000 0.000000 1.000000
0.999853 -0.015482 0.007369 -0.000000 0.015483 0.999880 -0.000121 9.100000 -0.007366 0.000235 0.999973 -1.373400 0.000000 0.000000 0.000000 1.000000
0.999766 -0.015152 0.015437 0.000000 0.015194 0.999881 -0.002615 9.100000 -0.015395 0.002849 0.999877 -1.373400 0.000000 0.000000 0.000000 1.000000
0.999607 -0.015491 0.023361 0.000000 0.015606 0.999867 -0.004736 9.100000 -0.023285 0.005099 0.999716 -1.373400 0.000000 0.000000 0.000000 1.000000
0.999377 -0.016409 0.031260 0.000000 0.016542 0.999855 -0.004003 9.100000 -0.031190 0.004517 0.999503 -1.373400 0.000000 0.000000 0.000000 1.000000</float_array>
        <technique_common>
          <accessor source="#mixamorig_Spine2-Matrix-animation-output-transform-array" count="36" stride="16">
            <param type="float4x4"/>
          </accessor>
        </technique_common>
      </source>
      <source id="mixamorig_Spine2-Interpolations">
        <Name_array id="mixamorig_Spine2-Interpolations-array" count="36">
 LINEAR LINEAR LINEAR LINEAR LINEAR LINEAR LINEAR LINEAR LINEAR LINEAR LINEAR
LINEAR LINEAR LINEAR LINEAR LINEAR LINEAR LINEAR LINEAR LINEAR LINEAR LINEAR LINEAR
LINEAR LINEAR LINEAR LINEAR LINEAR LINEAR LINEAR LINEAR LINEAR LINEAR LINEAR LINEAR
LINEAR</Name_array>
        <technique_common>
          <accessor source="#mixamorig_Spine2-Interpolations-array" count="36">
            <param type="name"/>
          </accessor>
        </technique_common>
      </source>
      <sampler id="mixamorig_Spine2-Matrix-animation-transform">
        <input semantic="INPUT" source="#mixamorig_Spine2-Matrix-animation-input"/>
        <input semantic="OUTPUT" source="#mixamorig_Spine2-Matrix-animation-output-transform"/>
        <input semantic="INTERPOLATION" source="#mixamorig_Spine2-Interpolations"/>
      </sampler>
      <channel source="#mixamorig_Spine2-Matrix-animation-transform" target="mixamorig_Spine2/matrix"/>
    </animation>
    <animation id="mixamorig_Neck-anim" name="mixamorig_Neck">
      <source id="mixamorig_Neck-Matrix-animation-input">
        <float_array id="mixamorig_Neck-Matrix-animation-input-array" count="36">

0.000000 0.033333 0.066667 0.100000 0.133333 0.166667 0.200000 0.233333 0.266667 0.300000 0.333333 0.366667 0.400000 0.433333 0.466667 0.500000
0.533333 0.566667 0.600000 0.633333 0.666667 0.700000 0.733333 0.766667 0.800000 0.833333 0.866667 0.900000 0.933333 0.966667 1.000000 1.033333
1.066667 1.100000 1.133333 1.166667</float_array>
        <technique_common>
          <accessor source="#mixamorig_Neck-Matrix-animation-input-array" count="36">
            <param name="TIME" type="float"/>
          </accessor>
        </technique_common>
      </source>
      <source id="mixamorig_Neck-Matrix-animation-output-transform">
        <float_array id="mixamorig_Neck-Matrix-animation-output-transform-array" count="576">

0.999764 0.019835 -0.008873 0.000000 -0.019524 0.999238 0.033792 16.671700 0.009537 -0.033610 0.999390 -2.516200 0.000000 0.000000 0.000000 1.000000
0.999703 0.021313 -0.011832 -0.000000 -0.020991 0.999422 0.026736 16.671700 0.012395 -0.026480 0.999573 -2.516200 0.000000 0.000000 0.000000 1.000000
0.999636 0.022736 -0.014491 0.000000 -0.022427 0.999524 0.021164 16.671700 0.014965 -0.020831 0.999671 -2.516200 0.000000 0.000000 0.000000 1.000000
0.999581 0.023884 -0.016330 -0.000000 -0.023590 0.999561 0.017944 16.671700 0.016751 -0.017551 0.999706 -2.516200 0.000000 0.000000 0.000000 1.000000
0.999556 0.024566 -0.016838 -0.000000 -0.024264 0.999545 0.017920 16.671700 0.017271 -0.017504 0.999698 -2.516200 0.000000 0.000000 0.000000 1.000000
0.999560 0.024889 -0.016121 -0.000000 -0.024558 0.999491 0.020374 16.671700 0.016620 -0.019969 0.999662 -2.516200 0.000000 0.000000 0.000000 1.000000
0.999572 0.025211 -0.014854 -0.000000 -0.024858 0.999416 0.023454 16.671700 0.015437 -0.023075 0.999615 -2.516200 0.000000 0.000000 0.000000 1.000000
0.999562 0.026180 -0.013776 0.000000 -0.025822 0.999339 0.025592 16.671700 0.014437 -0.025225 0.999578 -2.516200 0.000000 0.000000 0.000000 1.000000
0.999513 0.028300 -0.013167 -0.000000 -0.027938 0.999246 0.026958 16.671700 0.013920 -0.026577 0.999550 -2.516200 0.000000 0.000000 0.000000 1.000000
0.999429 0.031255 -0.012850 -0.000000 -0.030889 0.999137 0.027752 16.671700 0.013707 -0.027340 0.999532 -2.516200 0.000000 0.000000 0.000000 1.000000
0.999334 0.034327 -0.012409 0.000000 -0.033966 0.999025 0.028209 16.671700 0.013365 -0.027769 0.999525 -2.516200 0.000000 0.000000 0.000000 1.000000
0.999265 0.036632 -0.011276 0.000000 -0.036293 0.998923 0.028917 16.671700 0.012324 -0.028486 0.999518 -2.516200 0.000000 0.000000 0.000000 1.000000
0.999255 0.037530 -0.009052 0.000000 -0.037237 0.998838 0.030596 16.671700 0.010190 -0.030236 0.999491 -2.516200 0.000000 0.000000 0.000000 1.000000
0.999299 0.036981 -0.005820 0.000000 -0.036767 0.998767 0.033365 16.671700 0.007046 -0.033128 0.999426 -2.516200 0.000000 0.000000 0.000000 1.000000
0.999364 0.035595 -0.002215 -0.000000 -0.035492 0.998711 0.036292 16.671700 0.003504 -0.036190 0.999339 -2.516200 0.000000 0.000000 0.000000 1.000000
0.999414 0.034221 0.000882 -0.000000 -0.034230 0.998693 0.037951 16.671700 0.000418 -0.037959 0.999279 -2.516200 0.000000 0.000000 0.000000 1.000000
0.999441 0.033305 0.002840 0.000000 -0.033388 0.998735 0.037590 16.671700 -0.001584 -0.037664 0.999289 -2.516200 0.000000 0.000000 0.000000 1.000000
0.999463 0.032566 0.003571 0.000000 -0.032673 0.998826 0.035751 16.671700 -0.002402 -0.035849 0.999354 -2.516200 0.000000 0.000000 0.000000 1.000000
0.999503 0.031336 0.003429 0.000000 -0.031434 0.998935 0.033763 16.671700 -0.002367 -0.033854 0.999424 -2.516200 0.000000 0.000000 0.000000 1.000000
0.999566 0.029327 0.002886 0.000000 -0.029406 0.999030 0.032774 16.671700 -0.001922 -0.032844 0.999459 -2.516200 0.000000 0.000000 0.000000 1.000000
0.999630 0.027097 0.002308 0.000000 -0.027159 0.999079 0.033232 16.671700 -0.001405 -0.033282 0.999445 -2.516200 0.000000 0.000000 0.000000 1.000000
0.999667 0.025735 0.001948 0.000000 -0.025788 0.999053 0.035031 16.671700 -0.001044 -0.035070 0.999384 -2.516200 0.000000 0.000000 0.000000 1.000000
0.999662 0.025917 0.002045 0.000000 -0.025976 0.998946 0.037845 16.671700 -0.001062 -0.037886 0.999282 -2.516200 0.000000 0.000000 0.000000 1.000000
0.999628 0.027140 0.002824 -0.000000 -0.027234 0.998774 0.041333 16.671700 -0.001699 -0.041395 0.999141 -2.516200 0.000000 0.000000 0.000000 1.000000
0.999602 0.027867 0.004358 0.000000 -0.028036 0.998581 0.045269 16.671700 -0.003090 -0.045373 0.998965 -2.516200 0.000000 0.000000 0.000000 1.000000
0.999626 0.026588 0.006398 0.000000 -0.026873 0.998406 0.049637 16.671700 -0.005068 -0.049790 0.998747 -2.516200 0.000000 0.000000 0.000000 1.000000
0.999701 0.022998 0.008353 0.000000 -0.023420 0.998237 0.054538 16.671700 -0.007084 -0.054717 0.998477 -2.516200 0.000000 0.000000 0.000000 1.000000
0.999787 0.018327 0.009524 -0.000000 -0.018865 0.998030 0.059843 16.671700 -0.008408 -0.060010 0.998162 -2.516200 0.000000 0.000000 0.000000 1.000000
0.999850 0.014516 0.009487 0.000000 -0.015102 0.997780 0.064858 16.671700 -0.008524 -0.064991 0.997849 -2.516200 0.000000 0.000000 0.000000 1.000000
0.999883 0.012833 0.008289 -0.000000 -0.013370 0.997571 0.068363 16.671700 -0.007392 -0.068466 0.997626 -2.516200 0.000000 0.000000 0.000000 1.000000
0.999895 0.013104 0.006255 0.000000 -0.013506 0.997516 0.069134 16.671700 -0.005333 -0.069212 0.997588 -2.516200 0.000000 0.000000 0.000000 1.000000
0.999891 0.014296 0.003661 0.000000 -0.014508 0.997677 0.066559 16.671700 -0.002701 -0.066605 0.997776 -2.516200 0.000000 0.000000 0.000000 1.000000
0.999877 0.015641 0.000675 0.000000 -0.015653 0.998029 0.060772 16.671700 0.000277 -0.060776 0.998151 -2.516200 0.000000 0.000000 0.000000 1.000000
0.999852 0.016988 -0.002549 -0.000000 -0.016832 0.998492 0.052244 16.671700 0.003432 -0.052193 0.998631 -2.516200 0.000000 0.000000 0.000000 1.000000
0.999814 0.018393 -0.005789 -0.000000 -0.018132 0.998941 0.042291 16.671700 0.006561 -0.042178 0.999089 -2.516200 0.000000 0.000000 0.000000 1.000000
0.999764 0.019835 -0.008873 0.000000 -0.019525 0.999238 0.033792 16.671700 0.009537 -0.033610 0.999390 -2.516200 0.000000 0.000000 0.000000 1.000000</float_array>
        <technique_common>
          <accessor source="#mixamorig_Neck-Matrix-animation-output-transform-array" count="36" stride="16">
            <param type="float4x4"/>
          </accessor>
        </technique_common>
      </source>
      <source id="mixamorig_Neck-Interpolations">
        <Name_array id="mixamorig_Neck-Interpolations-array" count="36">
 LINEAR LINEAR LINEAR LINEAR LINEAR LINEAR LINEAR LINEAR LINEAR LINEAR LINEAR
LINEAR LINEAR LINEAR LINEAR LINEAR LINEAR LINEAR LINEAR LINEAR LINEAR LINEAR LINEAR
LINEAR LINEAR LINEAR LINEAR LINEAR LINEAR LINEAR LINEAR LINEAR LINEAR LINEAR LINEAR
LINEAR</Name_array>
        <technique_common>
          <accessor source="#mixamorig_Neck-Interpolations-array" count="36">
            <param type="name"/>
          </accessor>
        </technique_common>
      </source>
      <sampler id="mixamorig_Neck-Matrix-animation-transform">
        <input semantic="INPUT" source="#mixamorig_Neck-Matrix-animation-input"/>
        <input semantic="OUTPUT" source="#mixamorig_Neck-Matrix-animation-output-transform"/>
        <input semantic="INTERPOLATION" source="#mixamorig_Neck-Interpolations"/>
      </sampler>
      <channel source="#mixamorig_Neck-Matrix-animation-transform" target="mixamorig_Neck/matrix"/>
    </animation>
    <animation id="mixamorig_Head-anim" name="mixamorig_Head">
      <source id="mixamorig_Head-Matrix-animation-input">
        <float_array id="mixamorig_Head-Matrix-animation-input-array" count="36">

0.000000 0.033333 0.066667 0.100000 0.133333 0.166667 0.200000 0.233333 0.266667 0.300000 0.333333 0.366667 0.400000 0.433333 0.466667 0.500000
0.533333 0.566667 0.600000 0.633333 0.666667 0.700000 0.733333 0.766667 0.800000 0.833333 0.866667 0.900000 0.933333 0.966667 1.000000 1.033333
1.066667 1.100000 1.133333 1.166667</float_array>
        <technique_common>
          <accessor source="#mixamorig_Head-Matrix-animation-input-array" count="36">
            <param name="TIME" type="float"/>
          </accessor>
        </technique_common>
      </source>
      <source id="mixamorig_Head-Matrix-animation-output-transform">
        <float_array id="mixamorig_Head-Matrix-animation-output-transform-array" count="576">

0.996687 0.071417 -0.038929 0.000000 -0.062026 0.976955 0.204232 9.617900 0.052617 -0.201141 0.978148 1.685000 0.000000 0.000000 0.000000 1.000000
0.995874 0.071740 -0.055572 0.000000 -0.058864 0.976764 0.206076 9.617900 0.069064 -0.201954 0.976957 1.685000 0.000000 0.000000 0.000000 1.000000
0.994815 0.072165 -0.071667 0.000000 -0.055872 0.976575 0.207798 9.617900 0.084984 -0.202717 0.975543 1.685000 0.000000 0.000000 0.000000 1.000000
