<?xml version="1.0" encoding="utf-8"?>
<COLLADA xmlns="http://www.collada.org/2005/11/COLLADASchema" version="1.4.1">
  <asset>
    <contributor>
      <author>Mixamo</author>
      <authoring_tool>COLLADA Mixamo exporter</authoring_tool>
      <comments/>
    </contributor>
    <created>2021-11-11T20:30:35Z</created>
    <modified>2021-11-11T20:30:35Z</modified>
    <revision/>
    <title/>
    <unit meter="0.010000"/>
    <up_axis>Y_UP</up_axis>
  </asset>
  <library_animations>
    <animation id="mixamorig_Hips-anim" name="mixamorig_Hips">
      <source id="mixamorig_Hips-Matrix-animation-input">
        <float_array id="mixamorig_Hips-Matrix-animation-input-array" count="57">

0.000000 0.033333 0.066667 0.100000 0.133333 0.166667 0.200000 0.233333 0.266667 0.300000 0.333333 0.366667 0.400000 0.433333 0.466667 0.500000
0.533333 0.566667 0.600000 0.633333 0.666667 0.700000 0.733333 0.766667 0.800000 0.833333 0.866667 0.900000 0.933333 0.966667 1.000000 1.033333
1.066667 1.100000 1.133333 1.166667 1.200000 1.233333 1.266667 1.300000 1.333333 1.366667 1.400000 1.433333 1.466667 1.500000 1.533333 1.566667
1.600000 1.633333 1.666667 1.700000 1.733333 1.766667 1.800000 1.833333 1.866667</float_array>
        <technique_common>
          <accessor source="#mixamorig_Hips-Matrix-animation-input-array" count="57">
            <param name="TIME" type="float"/>
          </accessor>
        </technique_common>
      </source>
      <source id="mixamorig_Hips-Matrix-animation-output-transform">
        <float_array id="mixamorig_Hips-Matrix-animation-output-transform-array" count="912">

0.998448 0.025104 0.049707 -0.646298 -0.022423 0.998301 -0.053776 104.558754 -0.050972 0.052578 0.997315 1.904203 0.000000 0.000000 0.000000 1.000000
0.998478 0.027162 0.047991 -0.448573 -0.024480 0.998152 -0.055626 104.535606 -0.049414 0.054367 0.997298 2.147636 0.000000 0.000000 0.000000 1.000000
0.998471 0.027430 0.047991 -0.232579 -0.024740 0.998137 -0.055779 104.518829 -0.049431 0.054506 0.997289 2.420337 0.000000 0.000000 0.000000 1.000000
0.998771 0.027559 0.041185 -0.154959 -0.025339 0.998246 -0.053503 104.511055 -0.042588 0.052394 0.997718 2.815147 0.000000 0.000000 0.000000 1.000000
0.998933 0.027402 0.037187 -0.041387 -0.025506 0.998397 -0.050526 104.491730 -0.038512 0.049523 0.998030 3.209239 0.000000 0.000000 0.000000 1.000000
0.998782 0.026744 0.041462 0.426560 -0.024009 0.997589 -0.065108 104.366447 -0.043103 0.064034 0.997016 3.403069 0.000000 0.000000 0.000000 1.000000
0.998475 0.025467 0.048973 1.030666 -0.021217 0.996119 -0.085425 104.207321 -0.050958 0.084256 0.995140 3.563434 0.000000 0.000000 0.000000 1.000000
0.998326 0.023094 0.053026 1.428381 -0.018338 0.995909 -0.088485 104.097389 -0.054853 0.087364 0.994665 3.951757 0.000000 0.000000 0.000000 1.000000
0.998235 0.020474 0.055749 1.710144 -0.015834 0.996471 -0.082428 103.963661 -0.057240 0.081399 0.995037 4.439997 0.000000 0.000000 0.000000 1.000000
0.998015 0.018685 0.060142 2.030043 -0.013838 0.996698 -0.080015 103.764656 -0.061438 0.079024 0.994978 4.867532 0.000000 0.000000 0.000000 1.000000
0.997734 0.018471 0.064700 2.381449 -0.013232 0.996669 -0.080476 103.558830 -0.065971 0.079437 0.994654 5.274036 0.000000 0.000000 0.000000 1.000000
0.997540 0.018324 0.067658 2.702776 -0.012841 0.996663 -0.080607 103.323257 -0.068909 0.079540 0.994447 5.734880 0.000000 0.000000 0.000000 1.000000
0.997518 0.013936 0.069016 2.958174 -0.008269 0.996622 -0.081713 102.968544 -0.069921 0.080940 0.994263 6.247329 0.000000 0.000000 0.000000 1.000000
0.997578 0.007264 0.069174 3.199908 -0.001172 0.996146 -0.087698 102.478432 -0.069544 0.087404 0.993742 6.759651 0.000000 0.000000 0.000000 1.000000
0.997696 0.000892 0.067832 3.449682 0.005804 0.995125 -0.098448 101.960312 -0.067589 0.098615 0.992828 7.293284 0.000000 0.000000 0.000000 1.000000
0.997842 0.002937 0.065590 3.657930 0.004290 0.993947 -0.109775 101.715004 -0.065515 0.109820 0.991790 7.942431 0.000000 0.000000 0.000000 1.000000
0.997719 0.007944 0.067037 3.745813 0.000411 0.992318 -0.123710 101.613037 -0.067505 0.123456 0.990051 8.701548 0.000000 0.000000 0.000000 1.000000
0.997275 0.008923 0.073235 3.723576 0.001441 0.990114 -0.140255 101.443108 -0.073762 0.139978 0.987403 9.597466 0.000000 0.000000 0.000000 1.000000
0.997137 0.007376 0.075257 3.644692 0.004045 0.988605 -0.150478 101.225700 -0.075510 0.150351 0.985745 10.730634 0.000000 0.000000 0.000000 1.000000
0.997523 0.010779 0.069511 3.593621 0.000192 0.987768 -0.155929 101.191246 -0.070342 0.155556 0.985319 11.990258 0.000000 0.000000 0.000000 1.000000
0.997893 0.017532 0.062460 3.556649 -0.006936 0.986103 -0.165987 101.222786 -0.064502 0.165204 0.984148 13.274899 0.000000 0.000000 0.000000 1.000000
0.998154 0.019064 0.057657 3.441527 -0.008437 0.983775 -0.179206 101.011650 -0.060138 0.178389 0.982121 14.778868 0.000000 0.000000 0.000000 1.000000
0.998618 0.016465 0.049911 3.228911 -0.006776 0.982071 -0.188388 100.471535 -0.052117 0.187789 0.980826 16.696814 0.000000 0.000000 0.000000 1.000000
0.999077 0.008031 0.042188 2.946352 0.000234 0.981326 -0.192354 99.652802 -0.042945 0.192187 0.980418 19.075188 0.000000 0.000000 0.000000 1.000000
0.999317 -0.002436 0.036885 2.690994 0.009512 0.981168 -0.192923 98.800255 -0.035721 0.193142 0.980520 21.736567 0.000000 0.000000 0.000000 1.000000
0.999386 -0.011943 0.032953 2.431535 0.018048 0.981285 -0.191714 97.971207 -0.030047 0.192191 0.980897 24.654566 0.000000 0.000000 0.000000 1.000000
0.999352 -0.018533 0.030857 2.076957 0.024124 0.981092 -0.192033 97.073059 -0.026715 0.192653 0.980903 27.935045 0.000000 0.000000 0.000000 1.000000
0.999189 -0.023775 0.032491 1.604239 0.029685 0.980231 -0.195614 96.255196 -0.027198 0.196420 0.980142 31.625957 0.000000 0.000000 0.000000 1.000000
0.998956 -0.025321 0.038020 1.018175 0.032439 0.979227 -0.200156 95.570587 -0.032162 0.201180 0.979026 35.728348 0.000000 0.000000 0.000000 1.000000
0.998992 -0.019466 0.040444 0.341775 0.027262 0.978964 -0.202206 94.891731 -0.035657 0.203105 0.978508 40.240929 0.000000 0.000000 0.000000 1.000000
0.999547 -0.003375 0.029908 -0.309740 0.009305 0.979664 -0.200428 94.431641 -0.028623 0.200616 0.979252 45.031013 0.000000 0.000000 0.000000 1.000000
0.999821 0.017750 0.006520 -0.857195 -0.016166 0.981215 -0.192240 94.247765 -0.009810 0.192100 0.981326 49.861073 0.000000 0.000000 0.000000 1.000000
0.999046 0.039617 -0.018391 -1.314423 -0.042270 0.982993 -0.178713 94.249748 0.010998 0.179320 0.983729 54.571587 0.000000 0.000000 0.000000 1.000000
0.997933 0.053385 -0.035770 -1.786327 -0.058548 0.984777 -0.163666 94.736954 0.026488 0.165422 0.985867 59.342098 0.000000 0.000000 0.000000 1.000000
0.997136 0.061291 -0.044299 -2.237077 -0.067059 0.987406 -0.143290 95.871368 0.034959 0.145851 0.988689 64.167603 0.000000 0.000000 0.000000 1.000000
0.996537 0.071630 -0.042235 -2.647024 -0.076180 0.990043 -0.118370 97.086510 0.033336 0.121178 0.992071 68.630302 0.000000 0.000000 0.000000 1.000000
0.997343 0.068719 -0.024166 -2.801049 -0.071016 0.991107 -0.112536 98.382309 0.016218 0.113953 0.993354 72.952011 0.000000 0.000000 0.000000 1.000000
0.999327 0.035332 0.009877 -2.365509 -0.033554 0.989112 -0.143286 99.590347 -0.014832 0.142858 0.989632 76.920784 0.000000 0.000000 0.000000 1.000000
0.998719 0.000233 0.050603 -1.839182 0.008151 0.986191 -0.165412 100.555748 -0.049943 0.165613 0.984925 80.971123 0.000000 0.000000 0.000000 1.000000
0.997275 -0.008906 0.073238 -1.909752 0.019254 0.989704 -0.141826 101.256287 -0.071221 0.142849 0.987179 85.460327 0.000000 0.000000 0.000000 1.000000
0.997165 -0.004619 0.075101 -2.164205 0.013381 0.993090 -0.116593 101.478737 -0.074044 0.117267 0.990336 89.971519 0.000000 0.000000 0.000000 1.000000
0.997934 0.001820 0.064227 -2.199308 0.005467 0.993569 -0.113100 101.126862 -0.064019 0.113218 0.991506 94.383286 0.000000 0.000000 0.000000 1.000000
0.998809 0.013330 0.046943 -2.116868 -0.007823 0.993265 -0.115597 100.171364 -0.048168 0.115092 0.992186 99.049034 0.000000 0.000000 0.000000 1.000000
0.999071 0.033366 0.027270 -2.000491 -0.030068 0.993083 -0.113503 98.492920 -0.030868 0.112577 0.993163 104.347633 0.000000 0.000000 0.000000 1.000000
0.998708 0.050566 0.005131 -1.807521 -0.049713 0.992862 -0.108414 96.482704 -0.010577 0.108019 0.994093 110.210701 0.000000 0.000000 0.000000 1.000000
0.998644 0.048133 -0.019842 -1.570230 -0.049901 0.993619 -0.101147 95.146774 0.014847 0.102000 0.994674 115.918251 0.000000 0.000000 0.000000 1.000000
0.998696 0.029965 -0.041328 -1.321826 -0.033656 0.995216 -0.091723 94.529518 0.038382 0.092994 0.994927 121.551704 0.000000 0.000000 0.000000 1.000000
0.998878 -0.001826 -0.047326 -1.034382 -0.002307 0.996193 -0.087141 94.448273 0.047305 0.087153 0.995071 127.378899 0.000000 0.000000 0.000000 1.000000
0.997841 -0.042808 -0.049800 -0.572725 0.038027 0.994912 -0.093296 94.709549 0.053541 0.091201 0.994392 133.223145 0.000000 0.000000 0.000000 1.000000
0.995354 -0.079886 -0.053740 -0.078839 0.074290 0.992299 -0.099113 94.773392 0.061244 0.094660 0.993624 138.821838 0.000000 0.000000 0.000000 1.000000
0.994195 -0.101179 -0.036586 0.175912 0.097651 0.991328 -0.087938 95.033455 0.045166 0.083855 0.995454 144.446564 0.000000 0.000000 0.000000 1.000000
0.993331 -0.115072 -0.007250 0.287798 0.114314 0.991095 -0.068288 95.793694 0.015043 0.067004 0.997639 150.176453 0.000000 0.000000 0.000000 1.000000
0.991337 -0.130981 0.009729 0.465805 0.131330 0.989529 -0.059877 96.768707 -0.001784 0.060636 0.998158 155.655640 0.000000 0.000000 0.000000 1.000000
0.990140 -0.139817 0.008613 0.641813 0.140078 0.987821 -0.067728 97.886482 0.000961 0.068267 0.997667 160.833191 0.000000 0.000000 0.000000 1.000000
0.991732 -0.128328 -0.000013 0.707340 0.127931 0.988670 -0.078517 99.337090 0.010089 0.077866 0.996913 165.908142 0.000000 0.000000 0.000000 1.000000
0.994291 -0.106610 -0.004534 0.659543 0.105917 0.991204 -0.079352 100.846519 0.012953 0.078419 0.996836 170.850998 0.000000 0.000000 0.000000 1.000000
0.995697 -0.092459 0.006179 0.492525 0.092662 0.992889 -0.074733 101.876724 0.000775 0.074984 0.997184 175.691849 0.000000 0.000000 0.000000 1.000000</float_array>
        <technique_common>
          <accessor source="#mixamorig_Hips-Matrix-animation-output-transform-array" count="57" stride="16">
            <param type="float4x4"/>
          </accessor>
        </technique_common>
      </source>
      <source id="mixamorig_Hips-Interpolations">
        <Name_array id="mixamorig_Hips-Interpolations-array" count="57">
 LINEAR LINEAR LINEAR LINEAR LINEAR LINEAR LINEAR LINEAR LINEAR LINEAR LINEAR
LINEAR LINEAR LINEAR LINEAR LINEAR LINEAR LINEAR LINEAR LINEAR LINEAR LINEAR LINEAR
LINEAR LINEAR LINEAR LINEAR LINEAR LINEAR LINEAR LINEAR LINEAR LINEAR LINEAR LINEAR
LINEAR LINEAR LINEAR LINEAR LINEAR LINEAR LINEAR LINEAR LINEAR LINEAR LINEAR LINEAR
LINEAR LINEAR LINEAR LINEAR LINEAR LINEAR LINEAR LINEAR LINEAR LINEAR</Name_array>
        <technique_common>
          <accessor source="#mixamorig_Hips-Interpolations-array" count="57">
            <param type="name"/>
          </accessor>
        </technique_common>
      </source>
      <sampler id="mixamorig_Hips-Matrix-animation-transform">
        <input semantic="INPUT" source="#mixamorig_Hips-Matrix-animation-input"/>
        <input semantic="OUTPUT" source="#mixamorig_Hips-Matrix-animation-output-transform"/>
        <input semantic="INTERPOLATION" source="#mixamorig_Hips-Interpolations"/>
      </sampler>
      <channel source="#mixamorig_Hips-Matrix-animation-transform" target="mixamorig_Hips/matrix"/>
    </animation>
    <animation id="mixamorig_Spine-anim" name="mixamorig_Spine">
      <source id="mixamorig_Spine-Matrix-animation-input">
        <float_array id="mixamorig_Spine-Matrix-animation-input-array" count="57">

0.000000 0.033333 0.066667 0.100000 0.133333 0.166667 0.200000 0.233333 0.266667 0.300000 0.333333 0.366667 0.400000 0.433333 0.466667 0.500000
0.533333 0.566667 0.600000 0.633333 0.666667 0.700000 0.733333 0.766667 0.800000 0.833333 0.866667 0.900000 0.933333 0.966667 1.000000 1.033333
1.066667 1.100000 1.133333 1.166667 1.200000 1.233333 1.266667 1.300000 1.333333 1.366667 1.400000 1.433333 1.466667 1.500000 1.533333 1.566667
1.600000 1.633333 1.666667 1.700000 1.733333 1.766667 1.800000 1.833333 1.866667</float_array>
        <technique_common>
          <accessor source="#mixamorig_Spine-Matrix-animation-input-array" count="57">
            <param name="TIME" type="float"/>
          </accessor>
        </technique_common>
      </source>
      <source id="mixamorig_Spine-Matrix-animation-output-transform">
        <float_array id="mixamorig_Spine-Matrix-animation-output-transform-array" count="912">

0.999636 -0.026944 0.001079 0.000000 0.026937 0.999619 0.005943 10.181600 -0.001239 -0.005912 0.999982 0.131500 0.000000 0.000000 0.000000 1.000000
0.999629 -0.027128 0.002384 0.000000 0.027113 0.999613 0.006189 10.181600 -0.002551 -0.006122 0.999978 0.131500 0.000000 0.000000 0.000000 1.000000
0.999647 -0.026274 0.003907 -0.000000 0.026256 0.999644 0.004646 10.181600 -0.004028 -0.004542 0.999982 0.131500 0.000000 0.000000 0.000000 1.000000
0.999681 -0.024724 0.005114 -0.000000 0.024705 0.999688 0.003684 10.181600 -0.005204 -0.003556 0.999980 0.131500 0.000000 0.000000 0.000000 1.000000
0.999720 -0.023057 0.005363 0.000000 0.023030 0.999723 0.004894 10.181600 -0.005474 -0.004769 0.999974 0.131500 0.000000 0.000000 0.000000 1.000000
0.999759 -0.021520 0.004288 0.000000 0.021483 0.999734 0.008439 10.181600 -0.004468 -0.008345 0.999955 0.131500 0.000000 0.000000 0.000000 1.000000
0.999797 -0.020018 0.002395 0.000000 0.019986 0.999719 0.012727 10.181600 -0.002649 -0.012677 0.999916 0.131500 0.000000 0.000000 0.000000 1.000000
0.999831 -0.018357 0.000739 -0.000000 0.018344 0.999708 0.015699 10.181600 -0.001027 -0.015683 0.999876 0.131500 0.000000 0.000000 0.000000 1.000000
0.999862 -0.016628 -0.000072 -0.000000 0.016626 0.999728 0.016330 10.181600 -0.000200 -0.016329 0.999867 0.131500 0.000000 0.000000 0.000000 1.000000
0.999888 -0.014991 -0.000356 0.000000 0.014994 0.999779 0.014761 10.181600 0.000135 -0.014765 0.999891 0.131500 0.000000 0.000000 0.000000 1.000000
0.999915 -0.012998 -0.000937 -0.000000 0.013008 0.999848 0.011599 10.181600 0.000786 -0.011610 0.999932 0.131500 0.000000 0.000000 0.000000 1.000000
0.999951 -0.009649 -0.002405 0.000000 0.009667 0.999924 0.007711 10.181600 0.002331 -0.007734 0.999967 0.131500 0.000000 0.000000 0.000000 1.000000
0.999982 -0.003677 -0.004789 0.000000 0.003698 0.999984 0.004346 10.181600 0.004773 -0.004363 0.999979 0.131500 0.000000 0.000000 0.000000 1.000000
0.999965 0.002391 -0.008004 0.000000 -0.002370 0.999994 0.002649 10.181600 0.008011 -0.002630 0.999964 0.131500 0.000000 0.000000 0.000000 1.000000
0.999902 0.006862 -0.012214 -0.000000 -0.006826 0.999972 0.003010 10.181600 0.012234 -0.002926 0.999921 0.131500 0.000000 0.000000 0.000000 1.000000
0.999799 0.009100 -0.017875 0.000000 -0.009013 0.999947 0.004904 10.181600 0.017918 -0.004742 0.999828 0.131500 0.000000 0.000000 0.000000 1.000000
0.999640 0.009056 -0.025242 -0.000000 -0.008875 0.999934 0.007279 10.181600 0.025307 -0.007053 0.999655 0.131500 0.000000 0.000000 0.000000 1.000000
0.999399 0.007995 -0.033724 -0.000000 -0.007691 0.999929 0.009117 10.181600 0.033795 -0.008852 0.999390 0.131500 0.000000 0.000000 0.000000 1.000000
0.999093 0.006844 -0.042021 -0.000000 -0.006432 0.999930 0.009919 10.181600 0.042086 -0.009639 0.999067 0.131500 0.000000 0.000000 0.000000 1.000000
0.998770 0.005339 -0.049300 -0.000000 -0.004853 0.999939 0.009963 10.181600 0.049350 -0.009712 0.998734 0.131500 0.000000 0.000000 0.000000 1.000000
0.998436 0.004020 -0.055755 0.000000 -0.003455 0.999942 0.010242 10.181600 0.055793 -0.010033 0.998392 0.131500 0.000000 0.000000 0.000000 1.000000
0.998055 0.004900 -0.062152 0.000000 -0.004179 0.999923 0.011716 10.181600 0.062204 -0.011434 0.997998 0.131500 0.000000 0.000000 0.000000 1.000000
0.997594 0.008989 -0.068742 0.000000 -0.008015 0.999864 0.014430 10.181600 0.068862 -0.013844 0.997530 0.131500 0.000000 0.000000 0.000000 1.000000
0.997063 0.015587 -0.074985 0.000000 -0.014319 0.999746 0.017414 10.181600 0.075237 -0.016289 0.997033 0.131500 0.000000 0.000000 0.000000 1.000000
0.996538 0.022279 -0.080098 0.000000 -0.020791 0.999596 0.019358 10.181600 0.080497 -0.017626 0.996599 0.131500 0.000000 0.000000 0.000000 1.000000
0.996098 0.026996 -0.084024 0.000000 -0.025407 0.999479 0.019922 10.181600 0.084518 -0.017710 0.996265 0.131500 0.000000 0.000000 0.000000 1.000000
0.995728 0.028796 -0.087734 0.000000 -0.027147 0.999433 0.019923 10.181600 0.088258 -0.017456 0.995945 0.131500 0.000000 0.000000 0.000000 1.000000
0.995390 0.027596 -0.091851 0.000000 -0.025847 0.999462 0.020173 10.181600 0.092359 -0.017706 0.995568 0.131500 0.000000 0.000000 0.000000 1.000000
0.995140 0.022507 -0.095865 0.000000 -0.020641 0.999579 0.020411 10.181600 0.096284 -0.018333 0.995185 0.131500 0.000000 0.000000 0.000000 1.000000
0.995143 0.012196 -0.097684 -0.000000 -0.010365 0.999761 0.019228 10.181600 0.097895 -0.018122 0.995032 0.131500 0.000000 0.000000 0.000000 1.000000
0.995452 -0.003786 -0.095185 0.000000 0.005256 0.999871 0.015199 10.181600 0.095116 -0.015630 0.995344 0.131500 0.000000 0.000000 0.000000 1.000000
0.995875 -0.023221 -0.087713 -0.000000 0.024053 0.999675 0.008439 10.181600 0.087488 -0.010514 0.996110 0.131500 0.000000 0.000000 0.000000 1.000000
0.996144 -0.042805 -0.076578 0.000000 0.042979 0.999076 0.000627 10.181600 0.076481 -0.003916 0.997063 0.131500 0.000000 0.000000 0.000000 1.000000
0.996357 -0.056518 -0.063870 0.000000 0.056267 0.998399 -0.005725 10.181600 0.064092 0.002111 0.997942 0.131500 0.000000 0.000000 0.000000 1.000000
0.996845 -0.060875 -0.050938 0.000000 0.060510 0.998130 -0.008694 10.181600 0.051372 0.005584 0.998664 0.131500 0.000000 0.000000 0.000000 1.000000
0.997575 -0.057028 -0.039897 -0.000000 0.056803 0.998363 -0.006738 10.181600 0.040216 0.004455 0.999181 0.131500 0.000000 0.000000 0.000000 1.000000
0.998362 -0.047385 -0.032054 0.000000 0.047423 0.998875 0.000426 10.181600 0.031998 -0.001945 0.999486 0.131500 0.000000 0.000000 0.000000 1.000000
0.999064 -0.034113 -0.026599 0.000000 0.034385 0.999360 0.009860 10.181600 0.026245 -0.010765 0.999598 0.131500 0.000000 0.000000 0.000000 1.000000
0.999528 -0.021282 -0.022138 0.000000 0.021653 0.999626 0.016683 10.181600 0.021775 -0.017155 0.999616 0.131500 0.000000 0.000000 0.000000 1.000000
0.999772 -0.015072 -0.015101 0.000000 0.015347 0.999716 0.018214 10.181600 0.014822 -0.018441 0.999720 0.131500 0.000000 0.000000 0.000000 1.000000
0.999851 -0.017129 -0.002044 0.000000 0.017161 0.999714 0.016650 10.181600 0.001758 -0.016683 0.999859 0.131500 0.000000 0.000000 0.000000 1.000000
0.999488 -0.027425 0.016482 0.000000 0.027137 0.999480 0.017437 10.181600 -0.016952 -0.016981 0.999712 0.131500 0.000000 0.000000 0.000000 1.000000
0.998271 -0.045078 0.037728 0.000000 0.044201 0.998740 0.023753 10.181600 -0.038751 -0.022044 0.999006 0.131500 0.000000 0.000000 0.000000 1.000000
0.996050 -0.066045 0.059352 0.000000 0.064116 0.997369 0.033839 10.181600 -0.061431 -0.029900 0.997663 0.131500 0.000000 0.000000 0.000000 1.000000
0.993587 -0.082075 0.077770 0.000000 0.078918 0.995961 0.042831 10.181600 -0.080972 -0.036419 0.996051 0.131500 0.000000 0.000000 0.000000 1.000000
0.992485 -0.082094 0.090743 0.000000 0.078188 0.995886 0.045792 10.181600 -0.094129 -0.038353 0.994821 0.131500 0.000000 0.000000 0.000000 1.000000
0.993139 -0.064136 0.097784 0.000000 0.060251 0.997292 0.042181 10.181600 -0.100224 -0.036000 0.994313 0.131500 0.000000 0.000000 0.000000 1.000000
0.994583 -0.031993 0.098903 0.000000 0.028753 0.999007 0.034022 10.181600 -0.099893 -0.030994 0.994515 0.131500 0.000000 0.000000 0.000000 1.000000
0.995462 0.004692 0.095045 0.000000 -0.007091 0.999664 0.024917 10.181600 -0.094896 -0.025477 0.995161 0.131500 0.000000 0.000000 0.000000 1.000000
0.995586 0.038126 0.085758 0.000000 -0.039740 0.999062 0.017183 10.181600 -0.085023 -0.020515 0.996168 0.131500 0.000000 0.000000 0.000000 1.000000
0.995630 0.061976 0.069863 0.000000 -0.063006 0.997933 0.012643 10.181600 -0.068935 -0.016990 0.997476 0.131500 0.000000 0.000000 0.000000 1.000000
0.995848 0.075229 0.051255 0.000000 -0.075898 0.997052 0.011230 10.181600 -0.050259 -0.015073 0.998622 0.131500 0.000000 0.000000 0.000000 1.000000
0.996310 0.078769 0.034098 0.000000 -0.079206 0.996790 0.011654 10.181600 -0.033070 -0.014311 0.999351 0.131500 0.000000 0.000000 0.000000 1.000000
0.996995 0.074674 0.020631 -0.000000 -0.074936 0.997114 0.012218 10.181600 -0.019659 -0.013727 0.999713 0.131500 0.000000 0.000000 0.000000 1.000000
0.997801 0.065473 0.010303 -0.000000 -0.065590 0.997781 0.011416 10.181600 -0.009533 -0.012066 0.999882 0.131500 0.000000 0.000000 0.000000 1.000000
0.998531 0.054176 0.000701 0.000000 -0.054180 0.998492 0.008868 10.181600 -0.000219 -0.008893 0.999960 0.131500 0.000000 0.000000 0.000000 1.000000
0.998943 0.044516 -0.011421 -0.000000 -0.044464 0.999000 0.004772 10.181600 0.011622 -0.004259 0.999923 0.131500 0.000000 0.000000 0.000000 1.000000</float_array>
        <technique_common>
          <accessor source="#mixamorig_Spine-Matrix-animation-output-transform-array" count="57" stride="16">
            <param type="float4x4"/>
          </accessor>
        </technique_common>
      </source>
      <source id="mixamorig_Spine-Interpolations">
        <Name_array id="mixamorig_Spine-Interpolations-array" count="57">
 LINEAR LINEAR LINEAR LINEAR LINEAR LINEAR LINEAR LINEAR LINEAR LINEAR LINEAR
LINEAR LINEAR LINEAR LINEAR LINEAR LINEAR LINEAR LINEAR LINEAR LINEAR LINEAR LINEAR
LINEAR LINEAR LINEAR LINEAR LINEAR LINEAR LINEAR LINEAR LINEAR LINEAR LINEAR LINEAR
LINEAR LINEAR LINEAR LINEAR LINEAR LINEAR LINEAR LINEAR LINEAR LINEAR LINEAR LINEAR
LINEAR LINEAR LINEAR LINEAR LINEAR LINEAR LINEAR LINEAR LINEAR LINEAR</Name_array>
        <technique_common>
          <accessor source="#mixamorig_Spine-Interpolations-array" count="57">
            <param type="name"/>
          </accessor>
        </technique_common>
      </source>
      <sampler id="mixamorig_Spine-Matrix-animation-transform">
        <input semantic="INPUT" source="#mixamorig_Spine-Matrix-animation-input"/>
        <input semantic="OUTPUT" source="#mixamorig_Spine-Matrix-animation-output-transform"/>
        <input semantic="INTERPOLATION" source="#mixamorig_Spine-Interpolations"/>
      </sampler>
      <channel source="#mixamorig_Spine-Matrix-animation-transform" target="mixamorig_Spine/matrix"/>
    </animation>
    <animation id="mixamorig_Spine1-anim" name="mixamorig_Spine1">
      <source id="mixamorig_Spine1-Matrix-animation-input">
        <float_array id="mixamorig_Spine1-Matrix-animation-input-array" count="57">

0.000000 0.033333 0.066667 0.100000 0.133333 0.166667 0.200000 0.233333 0.266667 0.300000 0.333333 0.366667 0.400000 0.433333 0.466667 0.500000
0.533333 0.566667 0.600000 0.633333 0.666667 0.700000 0.733333 0.766667 0.800000 0.833333 0.866667 0.900000 0.933333 0.966667 1.000000 1.033333
1.066667 1.100000 1.133333 1.166667 1.200000 1.233333 1.266667 1.300000 1.333333 1.366667 1.400000 1.433333 1.466667 1.500000 1.533333 1.566667
1.600000 1.633333 1.666667 1.700000 1.733333 1.766667 1.800000 1.833333 1.866667</float_array>
        <technique_common>
          <accessor source="#mixamorig_Spine1-Matrix-animation-input-array" count="57">
            <param name="TIME" type="float"/>
          </accessor>
        </technique_common>
      </source>
      <source id="mixamorig_Spine1-Matrix-animation-output-transform">
        <float_array id="mixamorig_Spine1-Matrix-animation-output-transform-array" count="912">

0.999919 -0.012682 0.000818 -0.000000 0.012677 0.999904 0.005623 10.083500 -0.000889 -0.005612 0.999984 -1.000800 0.000000 0.000000 0.000000 1.000000
0.999914 -0.012987 0.001885 -0.000000 0.012976 0.999899 0.005756 10.083500 -0.001959 -0.005731 0.999982 -1.000800 0.000000 0.000000 0.000000 1.000000
0.999915 -0.012653 0.003138 0.000000 0.012639 0.999910 0.004425 10.083500 -0.003194 -0.004385 0.999985 -1.000800 0.000000 0.000000 0.000000 1.000000
0.999918 -0.012108 0.004125 0.000000 0.012093 0.999920 0.003637 10.083500 -0.004168 -0.003587 0.999985 -1.000800 0.000000 0.000000 0.000000 1.000000
0.999922 -0.011740 0.004312 0.000000 0.011719 0.999920 0.004740 10.083500 -0.004367 -0.004689 0.999979 -1.000800 0.000000 0.000000 0.000000 1.000000
0.999926 -0.011685 0.003428 0.000000 0.011658 0.999902 0.007800 10.083500 -0.003519 -0.007759 0.999964 -1.000800 0.000000 0.000000 0.000000 1.000000
0.999931 -0.011629 0.001891 0.000000 0.011607 0.999869 0.011303 10.083500 -0.002023 -0.011280 0.999934 -1.000800 0.000000 0.000000 0.000000 1.000000
0.999937 -0.011168 0.000540 0.000000 0.011160 0.999849 0.013335 10.083500 -0.000689 -0.013328 0.999911 -1.000800 0.000000 0.000000 0.000000 1.000000
0.999947 -0.010278 -0.000124 0.000000 0.010279 0.999862 0.013046 10.083500 -0.000010 -0.013046 0.999915 -1.000800 0.000000 0.000000 0.000000 1.000000
0.999956 -0.009365 -0.000353 -0.000000 0.009368 0.999897 0.010902 10.083500 0.000251 -0.010905 0.999941 -1.000800 0.000000 0.000000 0.000000 1.000000
0.999960 -0.008910 -0.000825 0.000000 0.008916 0.999929 0.007898 10.083500 0.000754 -0.007905 0.999968 -1.000800 0.000000 0.000000 0.000000 1.000000
0.999957 -0.009045 -0.002029 0.000000 0.009055 0.999947 0.004960 10.083500 0.001984 -0.004978 0.999986 -1.000800 0.000000 0.000000 0.000000 1.000000
0.999949 -0.009250 -0.004010 0.000000 0.009262 0.999953 0.002860 10.083500 0.003984 -0.002897 0.999988 -1.000800 0.000000 0.000000 0.000000 1.000000
0.999932 -0.009609 -0.006646 0.000000 0.009623 0.999952 0.002083 10.083500 0.006626 -0.002147 0.999976 -1.000800 0.000000 0.000000 0.000000 1.000000
0.999899 -0.010055 -0.010037 -0.000000 0.010082 0.999946 0.002670 10.083500 0.010009 -0.002771 0.999946 -1.000800 0.000000 0.000000 0.000000 1.000000
0.999841 -0.010351 -0.014535 -0.000000 0.010413 0.999937 0.004203 10.083500 0.014491 -0.004354 0.999886 -1.000800 0.000000 0.000000 0.000000 1.000000
0.999741 -0.010239 -0.020319 0.000000 0.010363 0.999928 0.005976 10.083500 0.020256 -0.006185 0.999776 -1.000800 0.000000 0.000000 0.000000 1.000000
0.999589 -0.009859 -0.026935 0.000000 0.010059 0.999923 0.007267 10.083500 0.026862 -0.007535 0.999611 -1.000800 0.000000 0.000000 0.000000 1.000000
0.999394 -0.009837 -0.033403 -0.000000 0.010099 0.999919 0.007690 10.083500 0.033325 -0.008022 0.999412 -1.000800 0.000000 0.000000 0.000000 1.000000
0.999186 -0.010626 -0.038909 0.000000 0.010925 0.999912 0.007492 10.083500 0.038826 -0.007911 0.999215 -1.000800 0.000000 0.000000 0.000000 1.000000
0.998988 -0.011924 -0.043367 -0.000000 0.012262 0.999896 0.007539 10.083500 0.043273 -0.008064 0.999031 -1.000800 0.000000 0.000000 0.000000 1.000000
0.998803 -0.012844 -0.047206 -0.000000 0.013267 0.999875 0.008655 10.083500 0.047089 -0.009271 0.998848 -1.000800 0.000000 0.000000 0.000000 1.000000
0.998636 -0.012462 -0.050700 -0.000000 0.013030 0.999856 0.010898 10.083500 0.050557 -0.011544 0.998654 -1.000800 0.000000 0.000000 0.000000 1.000000
0.998502 -0.010450 -0.053715 0.000000 0.011189 0.999847 0.013464 10.083500 0.053566 -0.014045 0.998466 -1.000800 0.000000 0.000000 0.000000 1.000000
0.998395 -0.007263 -0.056174 -0.000000 0.008132 0.999850 0.015263 10.083500 0.056055 -0.015695 0.998304 -1.000800 0.000000 0.000000 0.000000 1.000000
0.998274 -0.003789 -0.058602 0.000000 0.004734 0.999861 0.015999 10.083500 0.058533 -0.016248 0.998153 -1.000800 0.000000 0.000000 0.000000 1.000000
0.998083 -0.001111 -0.061876 -0.000000 0.002125 0.999865 0.016316 10.083500 0.061850 -0.016416 0.997950 -1.000800 0.000000 0.000000 0.000000 1.000000
0.997804 -0.000340 -0.066234 0.000000 0.001457 0.999858 0.016805 10.083500 0.066218 -0.016865 0.997663 -1.000800 0.000000 0.000000 0.000000 1.000000
0.997504 -0.002283 -0.070575 0.000000 0.003508 0.999845 0.017241 10.083500 0.070525 -0.017445 0.997357 -1.000800 0.000000 0.000000 0.000000 1.000000
0.997312 -0.007054 -0.072933 -0.000000 0.008277 0.999830 0.016477 10.083500 0.072805 -0.017037 0.997201 -1.000800 0.000000 0.000000 0.000000 1.000000
0.997327 -0.013759 -0.071760 0.000000 0.014754 0.999802 0.013365 10.083500 0.071562 -0.014388 0.997332 -1.000800 0.000000 0.000000 0.000000 1.000000
0.997543 -0.020809 -0.066888 -0.000000 0.021389 0.999739 0.007973 10.083500 0.066705 -0.009384 0.997729 -1.000800 0.000000 0.000000 0.000000 1.000000
0.997873 -0.026756 -0.059449 0.000000 0.026905 0.999637 0.001709 10.083500 0.059382 -0.003305 0.998230 -1.000800 0.000000 0.000000 0.000000 1.000000
0.998218 -0.030914 -0.051031 0.000000 0.030775 0.999520 -0.003505 10.083500 0.051115 0.001929 0.998691 -1.000800 0.000000 0.000000 0.000000 1.000000
0.998528 -0.033110 -0.042962 -0.000000 0.032877 0.999441 -0.006113 10.083500 0.043140 0.004691 0.999058 -1.000800 0.000000 0.000000 0.000000 1.000000
0.998815 -0.032622 -0.036130 -0.000000 0.032474 0.999462 -0.004661 10.083500 0.036262 0.003482 0.999336 -1.000800 0.000000 0.000000 0.000000 1.000000
0.999119 -0.028446 -0.030840 -0.000000 0.028496 0.999593 0.001191 10.083500 0.030793 -0.002069 0.999524 -1.000800 0.000000 0.000000 0.000000 1.000000
0.999434 -0.020905 -0.026342 0.000000 0.021147 0.999736 0.008934 10.083500 0.026148 -0.009486 0.999613 -1.000800 0.000000 0.000000 0.000000 1.000000
0.999707 -0.012432 -0.020783 0.000000 0.012734 0.999814 0.014472 10.083500 0.020599 -0.014733 0.999679 -1.000800 0.000000 0.000000 0.000000 1.000000
0.999905 -0.006153 -0.012338 -0.000000 0.006346 0.999857 0.015707 10.083500 0.012240 -0.015783 0.999801 -1.000800 0.000000 0.000000 0.000000 1.000000
0.999990 -0.004387 -0.000796 0.000000 0.004398 0.999883 0.014659 10.083500 0.000732 -0.014662 0.999892 -1.000800 0.000000 0.000000 0.000000 1.000000
0.999900 -0.007199 0.012213 0.000000 0.007000 0.999845 0.016181 10.083500 -0.012327 -0.016093 0.999794 -1.000800 0.000000 0.000000 0.000000 1.000000
0.999614 -0.012645 0.024718 0.000000 0.012077 0.999662 0.023010 10.083500 -0.025001 -0.022702 0.999430 -1.000800 0.000000 0.000000 0.000000 1.000000
0.999190 -0.018073 0.035966 0.000000 0.016878 0.999304 0.033259 10.083500 -0.036542 -0.032625 0.998799 -1.000800 0.000000 0.000000 0.000000 1.000000
0.998703 -0.020916 0.046424 0.000000 0.018960 0.998929 0.042196 10.083500 -0.047257 -0.041261 0.998030 -1.000800 0.000000 0.000000 0.000000 1.000000
0.998214 -0.019243 0.056562 0.000000 0.016681 0.998828 0.045431 10.083500 -0.057369 -0.044406 0.997365 -1.000800 0.000000 0.000000 0.000000 1.000000
0.997747 -0.012950 0.065832 0.000000 0.010163 0.999045 0.042490 10.083500 -0.066320 -0.041725 0.996926 -1.000800 0.000000 0.000000 0.000000 1.000000
0.997359 -0.003338 0.072546 -0.000000 0.000772 0.999374 0.035371 10.083500 -0.072618 -0.035221 0.996738 -1.000800 0.000000 0.000000 0.000000 1.000000
0.997212 0.007127 0.074284 0.000000 -0.009190 0.999580 0.027479 10.083500 -0.074057 -0.028085 0.996858 -1.000800 0.000000 0.000000 0.000000 1.000000
0.997477 0.016399 0.069075 0.000000 -0.017884 0.999621 0.020938 10.083500 -0.068706 -0.022120 0.997392 -1.000800 0.000000 0.000000 0.000000 1.000000
0.998090 0.023329 0.057206 0.000000 -0.024343 0.999558 0.017081 10.083500 -0.056782 -0.018441 0.998216 -1.000800 0.000000 0.000000 0.000000 1.000000
0.998735 0.027697 0.041962 0.000000 -0.028377 0.999474 0.015701 10.083500 -0.041506 -0.016872 0.998996 -1.000800 0.000000 0.000000 0.000000 1.000000
0.999189 0.029118 0.027805 0.000000 -0.029566 0.999437 0.015837 10.083500 -0.027328 -0.016646 0.999488 -1.000800 0.000000 0.000000 0.000000 1.000000
0.999481 0.027154 0.017312 0.000000 -0.027436 0.999491 0.016292 10.083500 -0.016860 -0.016759 0.999717 -1.000800 0.000000 0.000000 0.000000 1.000000
0.999700 0.022438 0.009796 0.000000 -0.022590 0.999622 0.015696 10.083500 -0.009440 -0.015913 0.999829 -1.000800 0.000000 0.000000 0.000000 1.000000
0.999858 0.016668 0.002659 -0.000000 -0.016702 0.999771 0.013372 10.083500 -0.002435 -0.013415 0.999907 -1.000800 0.000000 0.000000 0.000000 1.000000
0.999909 0.011610 -0.006844 -0.000000 -0.011547 0.999892 0.009119 10.083500 0.006949 -0.009039 0.999935 -1.000800 0.000000 0.000000 0.000000 1.000000</float_array>
        <technique_common>
          <accessor source="#mixamorig_Spine1-Matrix-animation-output-transform-array" count="57" stride="16">
            <param type="float4x4"/>
          </accessor>
        </technique_common>
      </source>
      <source id="mixamorig_Spine1-Interpolations">
        <Name_array id="mixamorig_Spine1-Interpolations-array" count="57">
 LINEAR LINEAR LINEAR LINEAR LINEAR LINEAR LINEAR LINEAR LINEAR LINEAR LINEAR
LINEAR LINEAR LINEAR LINEAR LINEAR LINEAR LINEAR LINEAR LINEAR LINEAR LINEAR LINEAR
LINEAR LINEAR LINEAR LINEAR LINEAR LINEAR LINEAR LINEAR LINEAR LINEAR LINEAR LINEAR
LINEAR LINEAR LINEAR LINEAR LINEAR LINEAR LINEAR LINEAR LINEAR LINEAR LINEAR LINEAR
LINEAR LINEAR LINEAR LINEAR LINEAR LINEAR LINEAR LINEAR LINEAR LINEAR</Name_array>
        <technique_common>
          <accessor source="#mixamorig_Spine1-Interpolations-array" count="57">
            <param type="name"/>
          </accessor>
        </technique_common>
      </source>
      <sampler id="mixamorig_Spine1-Matrix-animation-transform">
        <input semantic="INPUT" source="#mixamorig_Spine1-Matrix-animation-input"/>
        <input semantic="OUTPUT" source="#mixamorig_Spine1-Matrix-animation-output-transform"/>
        <input semantic="INTERPOLATION" source="#mixamorig_Spine1-Interpolations"/>
      </sampler>
      <channel source="#mixamorig_Spine1-Matrix-animation-transform" target="mixamorig_Spine1/matrix"/>
    </animation>
    <animation id="mixamorig_Spine2-anim" name="mixamorig_Spine2">
      <source id="mixamorig_Spine2-Matrix-animation-input">
        <float_array id="mixamorig_Spine2-Matrix-animation-input-array" count="57">

0.000000 0.033333 0.066667 0.100000 0.133333 0.166667 0.200000 0.233333 0.266667 0.300000 0.333333 0.366667 0.400000 0.433333 0.466667 0.500000
0.533333 0.566667 0.600000 0.633333 0.666667 0.700000 0.733333 0.766667 0.800000 0.833333 0.866667 0.900000 0.933333 0.966667 1.000000 1.033333
1.066667 1.100000 1.133333 1.166667 1.200000 1.233333 1.266667 1.300000 1.333333 1.366667 1.400000 1.433333 1.466667 1.500000 1.533333 1.566667
1.600000 1.633333 1.666667 1.700000 1.733333 1.766667 1.800000 1.833333 1.866667</float_array>
        <technique_common>
          <accessor source="#mixamorig_Spine2-Matrix-animation-input-array" count="57">
            <param name="TIME" type="float"/>
          </accessor>
        </technique_common>
      </source>
      <source id="mixamorig_Spine2-Matrix-animation-output-transform">
        <float_array id="mixamorig_Spine2-Matrix-animation-output-transform-array" count="912">

0.999919 -0.012680 0.000840 -0.000000 0.012675 0.999904 0.005623 9.100000 -0.000911 -0.005612 0.999984 -1.373400 0.000000 0.000000 0.000000 1.000000
0.999914 -0.012984 0.001905 0.000000 0.012973 0.999899 0.005756 9.100000 -0.001979 -0.005730 0.999982 -1.373400 0.000000 0.000000 0.000000 1.000000
0.999915 -0.012648 0.003158 0.000000 0.012634 0.999910 0.004424 9.100000 -0.003213 -0.004384 0.999985 -1.373400 0.000000 0.000000 0.000000 1.000000
0.999918 -0.012101 0.004144 0.000000 0.012086 0.999920 0.003636 9.100000 -0.004187 -0.003585 0.999985 -1.373400 0.000000 0.000000 0.000000 1.000000
0.999922 -0.011733 0.004329 0.000000 0.011712 0.999920 0.004738 9.100000 -0.004385 -0.004687 0.999979 -1.373400 0.000000 0.000000 0.000000 1.000000
0.999926 -0.011679 0.003440 0.000000 0.011652 0.999902 0.007798 9.100000 -0.003531 -0.007758 0.999964 -1.373400 0.000000 0.000000 0.000000 1.000000
0.999931 -0.011626 0.001893 0.000000 0.011604 0.999869 0.011304 9.100000 -0.002024 -0.011281 0.999934 -1.373400 0.000000 0.000000 0.000000 1.000000
0.999938 -0.011168 0.000526 0.000000 0.011160 0.999849 0.013336 9.100000 -0.000675 -0.013329 0.999911 -1.373400 0.000000 0.000000 0.000000 1.000000
0.999947 -0.010278 -0.000158 0.000000 0.010280 0.999862 0.013046 9.100000 0.000024 -0.013047 0.999915 -1.373400 0.000000 0.000000 0.000000 1.000000
0.999956 -0.009364 -0.000403 -0.000000 0.009368 0.999897 0.010901 9.100000 0.000301 -0.010904 0.999941 -1.373400 0.000000 0.000000 0.000000 1.000000
0.999960 -0.008907 -0.000878 -0.000000 0.008914 0.999929 0.007895 9.100000 0.000807 -0.007903 0.999968 -1.373400 0.000000 0.000000 0.000000 1.000000
0.999957 -0.009042 -0.002070 0.000000 0.009052 0.999947 0.004956 9.100000 0.002025 -0.004975 0.999986 -1.373400 0.000000 0.000000 0.000000 1.000000
0.999949 -0.009247 -0.004028 0.000000 0.009259 0.999953 0.002860 9.100000 0.004002 -0.002897 0.999988 -1.373400 0.000000 0.000000 0.000000 1.000000
0.999932 -0.009609 -0.006643 0.000000 0.009623 0.999952 0.002089 9.100000 0.006623 -0.002152 0.999976 -1.373400 0.000000 0.000000 0.000000 1.000000
0.999899 -0.010061 -0.010022 -0.000000 0.010088 0.999946 0.002682 9.100000 0.009994 -0.002783 0.999946 -1.373400 0.000000 0.000000 0.000000 1.000000
0.999841 -0.010363 -0.014515 0.000000 0.010425 0.999937 0.004225 9.100000 0.014470 -0.004375 0.999886 -1.373400 0.000000 0.000000 0.000000 1.000000
0.999741 -0.010254 -0.020294 0.000000 0.010378 0.999928 0.006017 9.100000 0.020231 -0.006226 0.999776 -1.373400 0.000000 0.000000 0.000000 1.000000
0.999589 -0.009865 -0.026906 -0.000000 0.010066 0.999922 0.007347 9.100000 0.026831 -0.007615 0.999611 -1.373400 0.000000 0.000000 0.000000 1.000000
0.999395 -0.009820 -0.033369 -0.000000 0.010087 0.999918 0.007831 9.100000 0.033290 -0.008163 0.999412 -1.373400 0.000000 0.000000 0.000000 1.000000
0.999188 -0.010585 -0.038869 0.000000 0.010893 0.999911 0.007713 9.100000 0.038784 -0.008130 0.999215 -1.373400 0.000000 0.000000 0.000000 1.000000
0.998991 -0.011887 -0.043311 0.000000 0.012238 0.999894 0.007858 9.100000 0.043213 -0.008380 0.999031 -1.373400 0.000000 0.000000 0.000000 1.000000
0.998807 -0.012863 -0.047113 -0.000000 0.013305 0.999870 0.009084 9.100000 0.046990 -0.009700 0.998848 -1.373400 0.000000 0.000000 0.000000 1.000000
0.998642 -0.012595 -0.050555 0.000000 0.013189 0.999848 0.011433 9.100000 0.050403 -0.012084 0.998656 -1.373400 0.000000 0.000000 0.000000 1.000000
0.998509 -0.010732 -0.053528 -0.000000 0.011500 0.999835 0.014071 9.100000 0.053368 -0.014666 0.998467 -1.373400 0.000000 0.000000 0.000000 1.000000
0.998402 -0.007683 -0.055979 -0.000000 0.008586 0.999837 0.015899 9.100000 0.055847 -0.016354 0.998305 -1.373400 0.000000 0.000000 0.000000 1.000000
0.998282 -0.004323 -0.058428 0.000000 0.005304 0.999847 0.016650 9.100000 0.058348 -0.016931 0.998153 -1.373400 0.000000 0.000000 0.000000 1.000000
0.998092 -0.001741 -0.061723 0.000000 0.002796 0.999851 0.017015 9.100000 0.061684 -0.017155 0.997948 -1.373400 0.000000 0.000000 0.000000 1.000000
0.997815 -0.001049 -0.066066 -0.000000 0.002217 0.999842 0.017611 9.100000 0.066037 -0.017719 0.997660 -1.373400 0.000000 0.000000 0.000000 1.000000
0.997517 -0.003023 -0.070360 0.000000 0.004312 0.999825 0.018183 9.100000 0.070293 -0.018441 0.997356 -1.373400 0.000000 0.000000 0.000000 1.000000
0.997326 -0.007726 -0.072677 0.000000 0.009022 0.999806 0.017518 9.100000 0.072528 -0.018126 0.997202 -1.373400 0.000000 0.000000 0.000000 1.000000
0.997338 -0.014244 -0.071519 0.000000 0.015311 0.999779 0.014402 9.100000 0.071298 -0.015458 0.997335 -1.373400 0.000000 0.000000 0.000000 1.000000
0.997549 -0.021041 -0.066735 0.000000 0.021682 0.999725 0.008892 9.100000 0.066530 -0.010317 0.997731 -1.373400 0.000000 0.000000 0.000000 1.000000
0.997874 -0.026777 -0.059416 0.000000 0.026970 0.999633 0.002444 9.100000 0.059329 -0.004042 0.998230 -1.373400 0.000000 0.000000 0.000000 1.000000
0.998218 -0.030847 -0.051083 -0.000000 0.030736 0.999523 -0.002952 9.100000 0.051149 0.001377 0.998690 -1.373400 0.000000 0.000000 0.000000 1.000000
