<?xml version="1.0" encoding="utf-8"?>
<COLLADA xmlns="http://www.collada.org/2005/11/COLLADASchema" version="1.4.1">
  <asset>
    <contributor>
      <author>Mixamo</author>
      <authoring_tool>COLLADA Mixamo exporter</authoring_tool>
      <comments/>
    </contributor>
    <created>2021-11-11T20:25:36Z</created>
    <modified>2021-11-11T20:25:36Z</modified>
    <revision/>
    <title/>
    <unit meter="0.010000"/>
    <up_axis>Y_UP</up_axis>
  </asset>
  <library_animations>
    <animation id="mixamorig_Hips-anim" name="mixamorig_Hips">
      <source id="mixamorig_Hips-Matrix-animation-input">
        <float_array id="mixamorig_Hips-Matrix-animation-input-array" count="251">

0.000000 0.033333 0.066667 0.100000 0.133333 0.166667 0.200000 0.233333 0.266667 0.300000 0.333333 0.366667 0.400000 0.433333 0.466667 0.500000
0.533333 0.566667 0.600000 0.633333 0.666667 0.700000 0.733333 0.766667 0.800000 0.833333 0.866667 0.900000 0.933333 0.966667 1.000000 1.033333
1.066667 1.100000 1.133333 1.166667 1.200000 1.233333 1.266667 1.300000 1.333333 1.366667 1.400000 1.433333 1.466667 1.500000 1.533333 1.566667
1.600000 1.633333 1.666667 1.700000 1.733333 1.766667 1.800000 1.833333 1.866667 1.900000 1.933333 1.966667 2.000000 2.033333 2.066667 2.100000
2.133333 2.166667 2.200000 2.233333 2.266667 2.300000 2.333333 2.366667 2.400000 2.433333 2.466667 2.500000 2.533333 2.566667 2.600000 2.633333
2.666667 2.700000 2.733333 2.766667 2.800000 2.833333 2.866667 2.900000 2.933333 2.966667 3.000000 3.033333 3.066667 3.100000 3.133333 3.166667
3.200000 3.233333 3.266667 3.300000 3.333333 3.366667 3.400000 3.433333 3.466667 3.500000 3.533333 3.566667 3.600000 3.633333 3.666667 3.700000
3.733333 3.766667 3.800000 3.833333 3.866667 3.900000 3.933333 3.966667 4.000000 4.033333 4.066667 4.100000 4.133333 4.166667 4.200000 4.233333
4.266667 4.300000 4.333333 4.366667 4.400000 4.433333 4.466667 4.500000 4.533333 4.566667 4.600000 4.633333 4.666667 4.700000 4.733333 4.766667
4.800000 4.833333 4.866667 4.900000 4.933333 4.966667 5.000000 5.033333 5.066667 5.100000 5.133333 5.166667 5.200000 5.233333 5.266667 5.300000
5.333333 5.366667 5.400000 5.433333 5.466667 5.500000 5.533333 5.566667 5.600000 5.633333 5.666667 5.700000 5.733333 5.766667 5.800000 5.833333
5.866667 5.900000 5.933333 5.966667 6.000000 6.033333 6.066667 6.100000 6.133333 6.166667 6.200000 6.233333 6.266667 6.300000 6.333333 6.366667
6.400000 6.433333 6.466667 6.500000 6.533333 6.566667 6.600000 6.633333 6.666667 6.700000 6.733333 6.766667 6.800000 6.833333 6.866667 6.900000
6.933333 6.966667 7.000000 7.033333 7.066667 7.100000 7.133333 7.166667 7.200000 7.233333 7.266667 7.300000 7.333333 7.366667 7.400000 7.433333
7.466667 7.500000 7.533333 7.566667 7.600000 7.633333 7.666667 7.700000 7.733333 7.766667 7.800000 7.833333 7.866667 7.900000 7.933333 7.966667
8.000000 8.033333 8.066667 8.100000 8.133333 8.166667 8.200000 8.233333 8.266667 8.300000 8.333333</float_array>
        <technique_common>
          <accessor source="#mixamorig_Hips-Matrix-animation-input-array" count="251">
            <param name="TIME" type="float"/>
          </accessor>
        </technique_common>
      </source>
      <source id="mixamorig_Hips-Matrix-animation-output-transform">
        <float_array id="mixamorig_Hips-Matrix-animation-output-transform-array" count="4016">

0.995206 0.093840 0.027559 0.484859 -0.094291 0.995423 0.015583 101.629608 -0.025971 -0.018106 0.999499 1.555450 0.000000 0.000000 0.000000 1.000000
0.995195 0.093932 0.027629 0.496796 -0.094382 0.995416 0.015460 101.632111 -0.026050 -0.017993 0.999499 1.583915 0.000000 0.000000 0.000000 1.000000
0.995180 0.094048 0.027798 0.508668 -0.094499 0.995406 0.015371 101.635986 -0.026225 -0.017924 0.999495 1.612641 0.000000 0.000000 0.000000 1.000000
0.995160 0.094182 0.028035 0.520665 -0.094635 0.995395 0.015297 101.640038 -0.026465 -0.017876 0.999490 1.641180 0.000000 0.000000 0.000000 1.000000
0.995140 0.094326 0.028263 0.533048 -0.094781 0.995382 0.015214 101.643021 -0.026697 -0.017819 0.999485 1.668852 0.000000 0.000000 0.000000 1.000000
0.995122 0.094471 0.028404 0.545788 -0.094926 0.995369 0.015122 101.644447 -0.026844 -0.017744 0.999482 1.695013 0.000000 0.000000 0.000000 1.000000
0.995106 0.094630 0.028444 0.558956 -0.095084 0.995356 0.015041 101.645157 -0.026888 -0.017672 0.999482 1.719507 0.000000 0.000000 0.000000 1.000000
0.995089 0.094817 0.028420 0.572539 -0.095269 0.995339 0.014988 101.646088 -0.026867 -0.017622 0.999484 1.742578 0.000000 0.000000 0.000000 1.000000
0.995069 0.095039 0.028387 0.586688 -0.095489 0.995318 0.014954 101.647018 -0.026833 -0.017591 0.999485 1.764526 0.000000 0.000000 0.000000 1.000000
0.995045 0.095292 0.028389 0.601423 -0.095741 0.995295 0.014911 101.646881 -0.026834 -0.017556 0.999486 1.785294 0.000000 0.000000 0.000000 1.000000
0.995016 0.095575 0.028448 0.616912 -0.096024 0.995269 0.014831 101.645004 -0.026896 -0.017489 0.999485 1.804475 0.000000 0.000000 0.000000 1.000000
0.994982 0.095893 0.028545 0.632982 -0.096339 0.995240 0.014690 101.642235 -0.027000 -0.017367 0.999485 1.821691 0.000000 0.000000 0.000000 1.000000
0.994949 0.096225 0.028594 0.648875 -0.096666 0.995212 0.014464 101.640167 -0.027065 -0.017155 0.999486 1.836891 0.000000 0.000000 0.000000 1.000000
0.994922 0.096526 0.028509 0.663488 -0.096956 0.995188 0.014136 101.640167 -0.027007 -0.016828 0.999494 1.850274 0.000000 0.000000 0.000000 1.000000
0.994907 0.096747 0.028302 0.676212 -0.097163 0.995174 0.013718 101.642601 -0.026838 -0.016398 0.999505 1.862055 0.000000 0.000000 0.000000 1.000000
0.994901 0.096863 0.028101 0.687782 -0.097263 0.995171 0.013246 101.647408 -0.026683 -0.015912 0.999517 1.872444 0.000000 0.000000 0.000000 1.000000
0.994901 0.096875 0.028045 0.699836 -0.097262 0.995177 0.012759 101.654243 -0.026674 -0.015422 0.999525 1.881912 0.000000 0.000000 0.000000 1.000000
0.994904 0.096810 0.028167 0.713649 -0.097186 0.995191 0.012277 101.661964 -0.026843 -0.014952 0.999528 1.891274 0.000000 0.000000 0.000000 1.000000
0.994907 0.096720 0.028387 0.729026 -0.097086 0.995206 0.011817 101.668541 -0.027108 -0.014513 0.999527 1.901274 0.000000 0.000000 0.000000 1.000000
0.994906 0.096664 0.028599 0.744872 -0.097022 0.995217 0.011401 101.672096 -0.027360 -0.014118 0.999526 1.912032 0.000000 0.000000 0.000000 1.000000
0.994901 0.096675 0.028752 0.760139 -0.097026 0.995221 0.011050 101.672424 -0.027547 -0.013783 0.999525 1.923025 0.000000 0.000000 0.000000 1.000000
0.994891 0.096744 0.028851 0.774453 -0.097088 0.995217 0.010771 101.671585 -0.027671 -0.013517 0.999526 1.933595 0.000000 0.000000 0.000000 1.000000
0.994881 0.096834 0.028901 0.787896 -0.097173 0.995211 0.010560 101.672485 -0.027740 -0.013314 0.999527 1.943239 0.000000 0.000000 0.000000 1.000000
0.994875 0.096909 0.028860 0.800628 -0.097244 0.995206 0.010406 101.676430 -0.027713 -0.013159 0.999529 1.951343 0.000000 0.000000 0.000000 1.000000
0.994876 0.096956 0.028660 0.812781 -0.097285 0.995203 0.010290 101.682495 -0.027525 -0.013025 0.999536 1.956911 0.000000 0.000000 0.000000 1.000000
0.994884 0.096985 0.028274 0.824753 -0.097305 0.995203 0.010171 101.688271 -0.027152 -0.012870 0.999548 1.958824 0.000000 0.000000 0.000000 1.000000
0.994894 0.097031 0.027753 0.837032 -0.097340 0.995201 0.010009 101.691223 -0.026649 -0.012659 0.999565 1.956447 0.000000 0.000000 0.000000 1.000000
0.994899 0.097143 0.027195 0.849946 -0.097440 0.995193 0.009806 101.690384 -0.026112 -0.012405 0.999582 1.949983 0.000000 0.000000 0.000000 1.000000
0.994893 0.097343 0.026671 0.863706 -0.097629 0.995176 0.009620 101.686623 -0.025606 -0.012175 0.999598 1.940303 0.000000 0.000000 0.000000 1.000000
0.994881 0.097603 0.026187 0.878334 -0.097880 0.995153 0.009526 101.682175 -0.025130 -0.012041 0.999612 1.928686 0.000000 0.000000 0.000000 1.000000
0.994867 0.097869 0.025712 0.893864 -0.098141 0.995127 0.009551 101.678780 -0.024652 -0.012025 0.999624 1.916593 0.000000 0.000000 0.000000 1.000000
0.994856 0.098104 0.025227 0.910434 -0.098373 0.995103 0.009664 101.677116 -0.024155 -0.012096 0.999635 1.905327 0.000000 0.000000 0.000000 1.000000
0.994848 0.098311 0.024760 0.928108 -0.098579 0.995081 0.009818 101.676613 -0.023673 -0.012208 0.999645 1.895535 0.000000 0.000000 0.000000 1.000000
0.994837 0.098510 0.024388 0.946714 -0.098776 0.995060 0.009974 101.676170 -0.023285 -0.012331 0.999653 1.886968 0.000000 0.000000 0.000000 1.000000
0.994822 0.098707 0.024203 0.966057 -0.098974 0.995039 0.010108 101.674973 -0.023085 -0.012451 0.999656 1.878860 0.000000 0.000000 0.000000 1.000000
0.994802 0.098898 0.024252 0.986280 -0.099169 0.995018 0.010210 101.672913 -0.023121 -0.012562 0.999654 1.870797 0.000000 0.000000 0.000000 1.000000
0.994777 0.099084 0.024501 1.007289 -0.099359 0.994998 0.010303 101.671005 -0.023358 -0.012684 0.999647 1.863322 0.000000 0.000000 0.000000 1.000000
0.994751 0.099266 0.024849 1.028681 -0.099549 0.994978 0.010443 101.670609 -0.023688 -0.012862 0.999637 1.857607 0.000000 0.000000 0.000000 1.000000
0.994725 0.099439 0.025173 1.050121 -0.099732 0.994957 0.010672 101.671783 -0.023985 -0.013127 0.999626 1.854476 0.000000 0.000000 0.000000 1.000000
0.994704 0.099594 0.025380 1.071463 -0.099897 0.994937 0.010976 101.673317 -0.024158 -0.013454 0.999618 1.853627 0.000000 0.000000 0.000000 1.000000
0.994689 0.099733 0.025440 1.092458 -0.100045 0.994919 0.011290 101.673714 -0.024185 -0.013775 0.999613 1.853847 0.000000 0.000000 0.000000 1.000000
0.994676 0.099871 0.025404 1.111986 -0.100189 0.994901 0.011556 101.672958 -0.024121 -0.014039 0.999610 1.854039 0.000000 0.000000 0.000000 1.000000
0.994662 0.100022 0.025379 1.128609 -0.100344 0.994883 0.011775 101.672516 -0.024071 -0.014259 0.999609 1.854160 0.000000 0.000000 0.000000 1.000000
0.994643 0.100183 0.025462 1.141060 -0.100512 0.994863 0.012002 101.673645 -0.024129 -0.014497 0.999604 1.855226 0.000000 0.000000 0.000000 1.000000
0.994622 0.100333 0.025680 1.149240 -0.100672 0.994844 0.012287 101.676567 -0.024315 -0.014806 0.999595 1.858383 0.000000 0.000000 0.000000 1.000000
0.994603 0.100448 0.025987 1.154081 -0.100800 0.994826 0.012631 101.680115 -0.024584 -0.015182 0.999582 1.864013 0.000000 0.000000 0.000000 1.000000
0.994586 0.100533 0.026312 1.156728 -0.100900 0.994812 0.012988 101.682808 -0.024869 -0.015573 0.999569 1.871790 0.000000 0.000000 0.000000 1.000000
0.994569 0.100622 0.026610 1.157775 -0.101002 0.994797 0.013317 101.683601 -0.025132 -0.015932 0.999557 1.881495 0.000000 0.000000 0.000000 1.000000
0.994549 0.100745 0.026877 1.157202 -0.101136 0.994779 0.013620 101.682373 -0.025365 -0.016264 0.999546 1.893379 0.000000 0.000000 0.000000 1.000000
0.994528 0.100889 0.027126 1.155058 -0.101292 0.994759 0.013927 101.680191 -0.025578 -0.016599 0.999535 1.907569 0.000000 0.000000 0.000000 1.000000
0.994511 0.100992 0.027358 1.152169 -0.101407 0.994743 0.014247 101.678917 -0.025775 -0.016943 0.999524 1.923387 0.000000 0.000000 0.000000 1.000000
0.994506 0.100993 0.027549 1.149646 -0.101420 0.994737 0.014547 101.679977 -0.025935 -0.017261 0.999515 1.939588 0.000000 0.000000 0.000000 1.000000
0.994514 0.100884 0.027660 1.148184 -0.101319 0.994744 0.014794 101.683327 -0.026022 -0.017515 0.999508 1.955135 0.000000 0.000000 0.000000 1.000000
0.994530 0.100718 0.027665 1.147437 -0.101158 0.994758 0.014982 101.687027 -0.026011 -0.017699 0.999505 1.969461 0.000000 0.000000 0.000000 1.000000
0.994546 0.100587 0.027583 1.146384 -0.101030 0.994768 0.015141 101.688538 -0.025915 -0.017845 0.999505 1.982178 0.000000 0.000000 0.000000 1.000000
0.994551 0.100564 0.027469 1.144333 -0.101008 0.994768 0.015301 101.686775 -0.025786 -0.017992 0.999506 1.993030 0.000000 0.000000 0.000000 1.000000
0.994547 0.100636 0.027375 1.141510 -0.101083 0.994758 0.015468 101.683243 -0.025675 -0.018150 0.999506 2.002208 0.000000 0.000000 0.000000 1.000000
0.994542 0.100701 0.027299 1.138904 -0.101150 0.994749 0.015618 101.681091 -0.025583 -0.018294 0.999505 2.010447 0.000000 0.000000 0.000000 1.000000
0.994552 0.100633 0.027181 1.137174 -0.101083 0.994754 0.015718 101.682571 -0.025457 -0.018379 0.999507 2.018505 0.000000 0.000000 0.000000 1.000000
0.994581 0.100402 0.026966 1.136322 -0.100849 0.994777 0.015744 101.687416 -0.025244 -0.018378 0.999512 2.026671 0.000000 0.000000 0.000000 1.000000
0.994620 0.100094 0.026670 1.135574 -0.100534 0.994810 0.015703 101.693016 -0.024960 -0.018300 0.999521 2.034775 0.000000 0.000000 0.000000 1.000000
0.994655 0.099829 0.026387 1.134230 -0.100261 0.994839 0.015611 101.697166 -0.024693 -0.018173 0.999530 2.042681 0.000000 0.000000 0.000000 1.000000
0.994677 0.099653 0.026221 1.131901 -0.100080 0.994859 0.015483 101.699493 -0.024543 -0.018025 0.999536 2.050679 0.000000 0.000000 0.000000 1.000000
0.994689 0.099531 0.026219 1.128517 -0.099953 0.994874 0.015330 101.701355 -0.024558 -0.017869 0.999539 2.059383 0.000000 0.000000 0.000000 1.000000
0.994698 0.099403 0.026356 1.123963 -0.099823 0.994890 0.015163 101.704132 -0.024714 -0.017714 0.999538 2.069320 0.000000 0.000000 0.000000 1.000000
0.994709 0.099241 0.026566 1.118177 -0.099662 0.994908 0.015002 101.708069 -0.024942 -0.017570 0.999534 2.080597 0.000000 0.000000 0.000000 1.000000
0.994722 0.099050 0.026777 1.111431 -0.099471 0.994930 0.014859 101.712547 -0.025170 -0.017444 0.999531 2.092930 0.000000 0.000000 0.000000 1.000000
0.994739 0.098840 0.026937 1.104408 -0.099261 0.994952 0.014736 101.717117 -0.025345 -0.017332 0.999529 2.105842 0.000000 0.000000 0.000000 1.000000
0.994759 0.098613 0.027024 1.097957 -0.099032 0.994977 0.014619 101.721146 -0.025447 -0.017218 0.999528 2.118685 0.000000 0.000000 0.000000 1.000000
0.994782 0.098377 0.027035 1.092385 -0.098793 0.995002 0.014497 101.724213 -0.025474 -0.017092 0.999529 2.130631 0.000000 0.000000 0.000000 1.000000
0.994807 0.098145 0.026970 1.087020 -0.098557 0.995028 0.014374 101.726357 -0.025425 -0.016958 0.999533 2.140803 0.000000 0.000000 0.000000 1.000000
0.994832 0.097928 0.026822 1.080694 -0.098334 0.995051 0.014264 101.728241 -0.025293 -0.016828 0.999538 2.148571 0.000000 0.000000 0.000000 1.000000
0.994859 0.097720 0.026588 1.072714 -0.098119 0.995074 0.014163 101.730515 -0.025073 -0.016699 0.999546 2.153710 0.000000 0.000000 0.000000 1.000000
0.994888 0.097511 0.026273 1.063360 -0.097903 0.995097 0.014048 101.733131 -0.024774 -0.016548 0.999556 2.156142 0.000000 0.000000 0.000000 1.000000
0.994916 0.097318 0.025900 1.053373 -0.097699 0.995119 0.013903 101.734985 -0.024420 -0.016362 0.999568 2.155660 0.000000 0.000000 0.000000 1.000000
0.994941 0.097173 0.025495 1.043200 -0.097544 0.995136 0.013737 101.735222 -0.024037 -0.016155 0.999581 2.151977 0.000000 0.000000 0.000000 1.000000
0.994959 0.097094 0.025074 1.032973 -0.097454 0.995147 0.013579 101.734131 -0.023634 -0.015954 0.999593 2.145143 0.000000 0.000000 0.000000 1.000000
0.994975 0.097050 0.024629 1.023071 -0.097400 0.995155 0.013440 101.732658 -0.023205 -0.015772 0.999606 2.135892 0.000000 0.000000 0.000000 1.000000
0.994993 0.096987 0.024148 1.014163 -0.097327 0.995163 0.013310 101.731155 -0.022740 -0.015593 0.999620 2.125447 0.000000 0.000000 0.000000 1.000000
0.995015 0.096876 0.023655 1.006755 -0.097205 0.995177 0.013176 101.729401 -0.022264 -0.015410 0.999633 2.114927 0.000000 0.000000 0.000000 1.000000
0.995040 0.096728 0.023221 1.000614 -0.097048 0.995194 0.013056 101.727158 -0.021846 -0.015245 0.999645 2.104940 0.000000 0.000000 0.000000 1.000000
0.995062 0.096573 0.022929 0.994900 -0.096887 0.995211 0.012996 101.725327 -0.021564 -0.015153 0.999653 2.095809 0.000000 0.000000 0.000000 1.000000
0.995079 0.096422 0.022823 0.988689 -0.096735 0.995225 0.013033 101.725235 -0.021457 -0.015177 0.999655 2.087895 0.000000 0.000000 0.000000 1.000000
0.995092 0.096275 0.022886 0.981584 -0.096592 0.995237 0.013164 101.727257 -0.021510 -0.015310 0.999651 2.081480 0.000000 0.000000 0.000000 1.000000
0.995103 0.096119 0.023065 0.973886 -0.096442 0.995249 0.013338 101.730209 -0.021673 -0.015497 0.999645 2.076283 0.000000 0.000000 0.000000 1.000000
0.995113 0.095952 0.023299 0.966235 -0.096282 0.995263 0.013496 101.732147 -0.021894 -0.015673 0.999637 2.071432 0.000000 0.000000 0.000000 1.000000
0.995123 0.095797 0.023537 0.958838 -0.096134 0.995275 0.013616 101.731590 -0.022122 -0.015812 0.999630 2.065929 0.000000 0.000000 0.000000 1.000000
0.995127 0.095702 0.023746 0.951275 -0.096045 0.995282 0.013728 101.728371 -0.022321 -0.015941 0.999624 2.059156 0.000000 0.000000 0.000000 1.000000
0.995123 0.095701 0.023917 0.942673 -0.096050 0.995280 0.013876 101.723076 -0.022476 -0.016105 0.999618 2.051010 0.000000 0.000000 0.000000 1.000000
0.995110 0.095798 0.024057 0.932192 -0.096153 0.995267 0.014077 101.716362 -0.022595 -0.016321 0.999611 2.041935 0.000000 0.000000 0.000000 1.000000
0.995092 0.095952 0.024172 0.919368 -0.096314 0.995248 0.014303 101.708794 -0.022685 -0.016561 0.999605 2.032968 0.000000 0.000000 0.000000 1.000000
0.995075 0.096113 0.024250 0.904154 -0.096481 0.995229 0.014512 101.700928 -0.022740 -0.016780 0.999601 2.025635 0.000000 0.000000 0.000000 1.000000
0.995063 0.096232 0.024273 0.886563 -0.096605 0.995214 0.014687 101.693756 -0.022743 -0.016959 0.999597 2.021290 0.000000 0.000000 0.000000 1.000000
0.995059 0.096284 0.024245 0.866675 -0.096660 0.995207 0.014839 101.688751 -0.022700 -0.017109 0.999596 2.020257 0.000000 0.000000 0.000000 1.000000
0.995062 0.096254 0.024204 0.844775 -0.096632 0.995207 0.014977 101.686852 -0.022647 -0.017242 0.999595 2.021470 0.000000 0.000000 0.000000 1.000000
0.995073 0.096148 0.024193 0.821803 -0.096529 0.995216 0.015080 101.687561 -0.022627 -0.017341 0.999594 2.023212 0.000000 0.000000 0.000000 1.000000
0.995087 0.095992 0.024221 0.798993 -0.096374 0.995231 0.015108 101.689194 -0.022655 -0.017368 0.999592 2.024271 0.000000 0.000000 0.000000 1.000000
0.995103 0.095822 0.024251 0.777351 -0.096203 0.995248 0.015048 101.690193 -0.022694 -0.017308 0.999593 2.024473 0.000000 0.000000 0.000000 1.000000
0.995119 0.095661 0.024237 0.756955 -0.096039 0.995266 0.014937 101.689819 -0.022693 -0.017192 0.999595 2.024147 0.000000 0.000000 0.000000 1.000000
0.995134 0.095521 0.024177 0.737497 -0.095895 0.995281 0.014830 101.688332 -0.022646 -0.017076 0.999598 2.023311 0.000000 0.000000 0.000000 1.000000
0.995145 0.095409 0.024137 0.718775 -0.095781 0.995293 0.014753 101.686142 -0.022616 -0.016993 0.999600 2.021596 0.000000 0.000000 0.000000 1.000000
0.995152 0.095327 0.024206 0.701182 -0.095698 0.995302 0.014690 101.683334 -0.022691 -0.016935 0.999599 2.018707 0.000000 0.000000 0.000000 1.000000
0.995153 0.095260 0.024404 0.685465 -0.095634 0.995309 0.014610 101.679993 -0.022897 -0.016873 0.999595 2.014812 0.000000 0.000000 0.000000 1.000000
0.995155 0.095186 0.024638 0.671884 -0.095560 0.995318 0.014499 101.676842 -0.023142 -0.016783 0.999591 2.010328 0.000000 0.000000 0.000000 1.000000
0.995161 0.095082 0.024760 0.660053 -0.095456 0.995330 0.014368 101.674767 -0.023279 -0.016662 0.999590 2.005415 0.000000 0.000000 0.000000 1.000000
0.995176 0.094941 0.024702 0.649523 -0.095310 0.995346 0.014216 101.673981 -0.023237 -0.016502 0.999594 1.999640 0.000000 0.000000 0.000000 1.000000
0.995196 0.094780 0.024539 0.640399 -0.095142 0.995365 0.014024 101.674011 -0.023096 -0.016291 0.999601 1.992420 0.000000 0.000000 0.000000 1.000000
0.995212 0.094637 0.024416 0.633059 -0.094991 0.995383 0.013778 101.673859 -0.022999 -0.016032 0.999607 1.983699 0.000000 0.000000 0.000000 1.000000
0.995220 0.094555 0.024403 0.627479 -0.094903 0.995395 0.013502 101.672844 -0.023014 -0.015753 0.999611 1.974184 0.000000 0.000000 0.000000 1.000000
0.995219 0.094561 0.024445 0.623071 -0.094903 0.995399 0.013238 101.670776 -0.023080 -0.015494 0.999614 1.964792 0.000000 0.000000 0.000000 1.000000
0.995212 0.094639 0.024429 0.619404 -0.094976 0.995395 0.013009 101.667839 -0.023085 -0.015267 0.999617 1.955942 0.000000 0.000000 0.000000 1.000000
0.995206 0.094735 0.024287 0.616957 -0.095065 0.995389 0.012800 101.664810 -0.022962 -0.015047 0.999623 1.947567 0.000000 0.000000 0.000000 1.000000
0.995207 0.094787 0.024034 0.616312 -0.095108 0.995387 0.012579 101.662933 -0.022731 -0.014805 0.999632 1.939668 0.000000 0.000000 0.000000 1.000000
0.995215 0.094778 0.023747 0.617616 -0.095089 0.995392 0.012344 101.663086 -0.022467 -0.014543 0.999642 1.932584 0.000000 0.000000 0.000000 1.000000
0.995223 0.094747 0.023522 0.620569 -0.095051 0.995399 0.012116 101.664818 -0.022266 -0.014294 0.999650 1.926658 0.000000 0.000000 0.000000 1.000000
0.995225 0.094755 0.023445 0.624863 -0.095052 0.995401 0.011916 101.666641 -0.022208 -0.014088 0.999654 1.921842 0.000000 0.000000 0.000000 1.000000
0.995217 0.094810 0.023548 0.630572 -0.095105 0.995398 0.011738 101.667397 -0.022326 -0.013922 0.999654 1.917763 0.000000 0.000000 0.000000 1.000000
0.995205 0.094870 0.023788 0.637716 -0.095165 0.995394 0.011568 101.666985 -0.022581 -0.013776 0.999650 1.914110 0.000000 0.000000 0.000000 1.000000
0.995197 0.094883 0.024076 0.645882 -0.095177 0.995395 0.011405 101.666176 -0.022883 -0.013642 0.999645 1.910945 0.000000 0.000000 0.000000 1.000000
0.995195 0.094849 0.024320 0.654342 -0.095144 0.995400 0.011274 101.665527 -0.023139 -0.013534 0.999641 1.908685 0.000000 0.000000 0.000000 1.000000
0.995194 0.094814 0.024474 0.662374 -0.095109 0.995404 0.011203 101.665108 -0.023299 -0.013477 0.999638 1.907814 0.000000 0.000000 0.000000 1.000000
0.995193 0.094815 0.024529 0.669408 -0.095111 0.995404 0.011197 101.665001 -0.023355 -0.013476 0.999636 1.908489 0.000000 0.000000 0.000000 1.000000
0.995191 0.094841 0.024511 0.675627 -0.095137 0.995401 0.011232 101.665672 -0.023333 -0.013510 0.999636 1.910287 0.000000 0.000000 0.000000 1.000000
0.995191 0.094845 0.024466 0.681619 -0.095141 0.995400 0.011264 101.667252 -0.023285 -0.013537 0.999637 1.912357 0.000000 0.000000 0.000000 1.000000
0.995196 0.094806 0.024443 0.687933 -0.095102 0.995404 0.011260 101.669479 -0.023264 -0.013530 0.999638 1.913918 0.000000 0.000000 0.000000 1.000000
0.995200 0.094749 0.024470 0.694308 -0.095045 0.995410 0.011220 101.671425 -0.023295 -0.013492 0.999638 1.914686 0.000000 0.000000 0.000000 1.000000
0.995201 0.094724 0.024551 0.699922 -0.095020 0.995413 0.011173 101.672592 -0.023380 -0.013453 0.999636 1.914864 0.000000 0.000000 0.000000 1.000000
0.995195 0.094754 0.024685 0.704496 -0.095051 0.995410 0.011143 101.673019 -0.023516 -0.013436 0.999633 1.914887 0.000000 0.000000 0.000000 1.000000
0.995183 0.094822 0.024882 0.708912 -0.095121 0.995404 0.011119 101.672890 -0.023713 -0.013433 0.999629 1.915013 0.000000 0.000000 0.000000 1.000000
0.995170 0.094899 0.025128 0.714211 -0.095200 0.995396 0.011084 101.672493 -0.023960 -0.013423 0.999623 1.915178 0.000000 0.000000 0.000000 1.000000
0.995156 0.094978 0.025365 0.720159 -0.095282 0.995389 0.011051 101.671913 -0.024198 -0.013414 0.999617 1.915187 0.000000 0.000000 0.000000 1.000000
0.995142 0.095082 0.025521 0.725315 -0.095388 0.995379 0.011060 101.671387 -0.024351 -0.013440 0.999613 1.914968 0.000000 0.000000 0.000000 1.000000
0.995129 0.095211 0.025570 0.728941 -0.095520 0.995365 0.011122 101.670822 -0.024392 -0.013510 0.999611 1.914562 0.000000 0.000000 0.000000 1.000000
0.995116 0.095345 0.025556 0.731969 -0.095655 0.995352 0.011186 101.670174 -0.024371 -0.013576 0.999611 1.913972 0.000000 0.000000 0.000000 1.000000
0.995105 0.095460 0.025555 0.735880 -0.095769 0.995341 0.011189 101.669098 -0.024368 -0.013581 0.999611 1.912992 0.000000 0.000000 0.000000 1.000000
0.995093 0.095573 0.025620 0.741357 -0.095882 0.995331 0.011114 101.667473 -0.024438 -0.013516 0.999610 1.911357 0.000000 0.000000 0.000000 1.000000
0.995075 0.095724 0.025741 0.748167 -0.096032 0.995317 0.011007 101.665688 -0.024567 -0.013425 0.999608 1.909004 0.000000 0.000000 0.000000 1.000000
0.995053 0.095920 0.025849 0.756066 -0.096228 0.995299 0.010930 101.664665 -0.024679 -0.013363 0.999606 1.906327 0.000000 0.000000 0.000000 1.000000
0.995035 0.096108 0.025859 0.765184 -0.096415 0.995281 0.010911 101.665352 -0.024689 -0.013350 0.999606 1.904009 0.000000 0.000000 0.000000 1.000000
0.995028 0.096213 0.025747 0.775718 -0.096520 0.995271 0.010931 101.668243 -0.024574 -0.013362 0.999609 1.902453 0.000000 0.000000 0.000000 1.000000
0.995033 0.096200 0.025587 0.787709 -0.096504 0.995272 0.010947 101.672562 -0.024413 -0.013362 0.999613 1.901283 0.000000 0.000000 0.000000 1.000000
0.995044 0.096110 0.025500 0.801031 -0.096414 0.995281 0.010939 101.676918 -0.024328 -0.013344 0.999615 1.899622 0.000000 0.000000 0.000000 1.000000
0.995051 0.096029 0.025550 0.815156 -0.096333 0.995289 0.010933 101.680206 -0.024380 -0.013340 0.999614 1.896777 0.000000 0.000000 0.000000 1.000000
0.995049 0.096003 0.025701 0.829236 -0.096309 0.995291 0.010972 101.682571 -0.024526 -0.013393 0.999609 1.892602 0.000000 0.000000 0.000000 1.000000
0.995045 0.096006 0.025856 0.842635 -0.096317 0.995289 0.011073 101.685226 -0.024671 -0.013508 0.999604 1.887285 0.000000 0.000000 0.000000 1.000000
0.995045 0.095984 0.025945 0.855357 -0.096300 0.995289 0.011206 101.689072 -0.024747 -0.013648 0.999601 1.880872 0.000000 0.000000 0.000000 1.000000
0.995050 0.095921 0.025968 0.867448 -0.096240 0.995294 0.011328 101.693672 -0.024759 -0.013771 0.999599 1.873085 0.000000 0.000000 0.000000 1.000000
0.995055 0.095865 0.025974 0.878619 -0.096187 0.995298 0.011422 101.697189 -0.024757 -0.013863 0.999597 1.863531 0.000000 0.000000 0.000000 1.000000
0.995053 0.095881 0.026008 0.887984 -0.096205 0.995295 0.011504 101.698090 -0.024783 -0.013949 0.999596 1.852102 0.000000 0.000000 0.000000 1.000000
0.995041 0.095986 0.026075 0.894797 -0.096313 0.995283 0.011603 101.696556 -0.024838 -0.014056 0.999593 1.839263 0.000000 0.000000 0.000000 1.000000
0.995026 0.096131 0.026134 0.899347 -0.096463 0.995267 0.011731 101.694168 -0.024882 -0.014194 0.999590 1.825932 0.000000 0.000000 0.000000 1.000000
0.995013 0.096256 0.026142 0.902318 -0.096592 0.995253 0.011885 101.692406 -0.024874 -0.014351 0.999588 1.813037 0.000000 0.000000 0.000000 1.000000
0.995007 0.096338 0.026087 0.903633 -0.096677 0.995243 0.012056 101.691643 -0.024801 -0.014518 0.999587 1.800899 0.000000 0.000000 0.000000 1.000000
0.995003 0.096403 0.025997 0.902237 -0.096746 0.995234 0.012236 101.691177 -0.024694 -0.014690 0.999587 1.788972 0.000000 0.000000 0.000000 1.000000
0.994996 0.096489 0.025934 0.897068 -0.096835 0.995223 0.012409 101.690216 -0.024613 -0.014858 0.999587 1.776117 0.000000 0.000000 0.000000 1.000000
0.994984 0.096605 0.025971 0.888435 -0.096955 0.995210 0.012549 101.688232 -0.024634 -0.015004 0.999584 1.761341 0.000000 0.000000 0.000000 1.000000
0.994967 0.096734 0.026151 0.877974 -0.097089 0.995195 0.012643 101.685493 -0.024802 -0.015119 0.999578 1.744535 0.000000 0.000000 0.000000 1.000000
0.994948 0.096846 0.026438 0.867189 -0.097207 0.995183 0.012720 101.682610 -0.025078 -0.015225 0.999570 1.726528 0.000000 0.000000 0.000000 1.000000
0.994935 0.096909 0.026720 0.856496 -0.097276 0.995175 0.012828 101.680077 -0.025348 -0.015362 0.999561 1.708480 0.000000 0.000000 0.000000 1.000000
0.994931 0.096901 0.026896 0.845327 -0.097276 0.995173 0.012994 101.678154 -0.025507 -0.015545 0.999554 1.691137 0.000000 0.000000 0.000000 1.000000
0.994936 0.096821 0.026965 0.833212 -0.097202 0.995177 0.013197 101.676453 -0.025557 -0.015751 0.999549 1.674679 0.000000 0.000000 0.000000 1.000000
0.994948 0.096685 0.027026 0.820031 -0.097072 0.995187 0.013397 101.674377 -0.025600 -0.015953 0.999545 1.659107 0.000000 0.000000 0.000000 1.000000
0.994960 0.096522 0.027180 0.805680 -0.096916 0.995200 0.013581 101.671524 -0.025739 -0.016147 0.999538 1.644769 0.000000 0.000000 0.000000 1.000000
0.994968 0.096362 0.027444 0.789454 -0.096765 0.995212 0.013765 101.667969 -0.025986 -0.016351 0.999529 1.632539 0.000000 0.000000 0.000000 1.000000
0.994973 0.096222 0.027746 0.770427 -0.096635 0.995222 0.013973 101.664429 -0.026269 -0.016584 0.999517 1.623605 0.000000 0.000000 0.000000 1.000000
0.994978 0.096097 0.028009 0.748372 -0.096522 0.995229 0.014219 101.661865 -0.026509 -0.016851 0.999507 1.618926 0.000000 0.000000 0.000000 1.000000
0.994984 0.095975 0.028198 0.723966 -0.096411 0.995236 0.014506 101.661110 -0.026671 -0.017152 0.999497 1.618656 0.000000 0.000000 0.000000 1.000000
0.994993 0.095845 0.028316 0.698492 -0.096291 0.995243 0.014835 101.661926 -0.026760 -0.017487 0.999489 1.621806 0.000000 0.000000 0.000000 1.000000
0.995005 0.095709 0.028364 0.673035 -0.096165 0.995250 0.015181 101.663025 -0.026776 -0.017833 0.999482 1.626457 0.000000 0.000000 0.000000 1.000000
0.995019 0.095573 0.028326 0.648564 -0.096037 0.995257 0.015489 101.662880 -0.026711 -0.018132 0.999479 1.630484 0.000000 0.000000 0.000000 1.000000
0.995037 0.095434 0.028191 0.625827 -0.095900 0.995267 0.015695 101.661209 -0.026559 -0.018321 0.999479 1.632489 0.000000 0.000000 0.000000 1.000000
0.995058 0.095275 0.027964 0.605079 -0.095740 0.995281 0.015783 101.659370 -0.026329 -0.018382 0.999484 1.632271 0.000000 0.000000 0.000000 1.000000
0.995085 0.095082 0.027669 0.586004 -0.095542 0.995300 0.015798 101.658752 -0.026037 -0.018364 0.999492 1.630443 0.000000 0.000000 0.000000 1.000000
0.995115 0.094858 0.027336 0.567915 -0.095312 0.995322 0.015801 101.659172 -0.025709 -0.018330 0.999501 1.627508 0.000000 0.000000 0.000000 1.000000
0.995146 0.094634 0.027005 0.550673 -0.095081 0.995344 0.015803 101.658867 -0.025384 -0.018294 0.999510 1.623418 0.000000 0.000000 0.000000 1.000000
0.995171 0.094447 0.026717 0.534512 -0.094889 0.995363 0.015763 101.656540 -0.025104 -0.018222 0.999519 1.617964 0.000000 0.000000 0.000000 1.000000
0.995191 0.094302 0.026489 0.519503 -0.094736 0.995379 0.015645 101.652977 -0.024892 -0.018080 0.999527 1.611513 0.000000 0.000000 0.000000 1.000000
0.995211 0.094144 0.026320 0.505362 -0.094570 0.995398 0.015461 101.650574 -0.024744 -0.017876 0.999534 1.605305 0.000000 0.000000 0.000000 1.000000
0.995237 0.093902 0.026199 0.491581 -0.094321 0.995425 0.015239 101.651047 -0.024648 -0.017637 0.999541 1.600961 0.000000 0.000000 0.000000 1.000000
0.995272 0.093550 0.026132 0.477739 -0.093962 0.995463 0.015005 101.654076 -0.024610 -0.017390 0.999546 1.599704 0.000000 0.000000 0.000000 1.000000
0.995310 0.093137 0.026157 0.463399 -0.093544 0.995505 0.014785 101.658066 -0.024663 -0.017162 0.999548 1.601998 0.000000 0.000000 0.000000 1.000000
0.995342 0.092742 0.026327 0.448270 -0.093148 0.995545 0.014612 101.661392 -0.024854 -0.016997 0.999547 1.607684 0.000000 0.000000 0.000000 1.000000
0.995363 0.092425 0.026661 0.431963 -0.092834 0.995576 0.014523 101.663498 -0.025201 -0.016931 0.999539 1.616248 0.000000 0.000000 0.000000 1.000000
0.995371 0.092205 0.027110 0.414037 -0.092621 0.995595 0.014529 101.664474 -0.025651 -0.016972 0.999527 1.626885 0.000000 0.000000 0.000000 1.000000
0.995372 0.092066 0.027556 0.394342 -0.092492 0.995606 0.014608 101.664589 -0.026090 -0.017090 0.999514 1.638490 0.000000 0.000000 0.000000 1.000000
0.995371 0.091976 0.027868 0.373477 -0.092410 0.995612 0.014718 101.663979 -0.026392 -0.017226 0.999503 1.649889 0.000000 0.000000 0.000000 1.000000
0.995375 0.091904 0.027968 0.352671 -0.092343 0.995617 0.014819 101.662666 -0.026483 -0.017333 0.999499 1.660270 0.000000 0.000000 0.000000 1.000000
0.995384 0.091838 0.027849 0.332988 -0.092277 0.995622 0.014910 101.660942 -0.026358 -0.017411 0.999501 1.669326 0.000000 0.000000 0.000000 1.000000
0.995398 0.091777 0.027576 0.314441 -0.092215 0.995626 0.015038 101.659454 -0.026075 -0.017512 0.999507 1.677006 0.000000 0.000000 0.000000 1.000000
0.995413 0.091714 0.027249 0.296649 -0.092151 0.995628 0.015236 101.659241 -0.025732 -0.017678 0.999513 1.683207 0.000000 0.000000 0.000000 1.000000
0.995428 0.091624 0.026968 0.280131 -0.092062 0.995633 0.015467 101.660591 -0.025433 -0.017879 0.999517 1.687723 0.000000 0.000000 0.000000 1.000000
0.995446 0.091492 0.026783 0.266086 -0.091931 0.995643 0.015636 101.662567 -0.025236 -0.018027 0.999519 1.690405 0.000000 0.000000 0.000000 1.000000
0.995463 0.091338 0.026674 0.255036 -0.091776 0.995656 0.015688 101.663467 -0.025125 -0.018065 0.999521 1.691265 0.000000 0.000000 0.000000 1.000000
0.995476 0.091213 0.026600 0.246071 -0.091649 0.995668 0.015659 101.662010 -0.025057 -0.018026 0.999524 1.690401 0.000000 0.000000 0.000000 1.000000
0.995482 0.091162 0.026570 0.237841 -0.091597 0.995674 0.015629 101.658653 -0.025030 -0.017992 0.999525 1.687874 0.000000 0.000000 0.000000 1.000000
0.995477 0.091192 0.026639 0.230170 -0.091628 0.995671 0.015632 101.654961 -0.025099 -0.018002 0.999523 1.683779 0.000000 0.000000 0.000000 1.000000
0.995464 0.091274 0.026840 0.223902 -0.091714 0.995663 0.015644 101.652031 -0.025296 -0.018035 0.999517 1.678344 0.000000 0.000000 0.000000 1.000000
0.995448 0.091373 0.027109 0.219823 -0.091818 0.995653 0.015633 101.649551 -0.025563 -0.018051 0.999510 1.671942 0.000000 0.000000 0.000000 1.000000
0.995433 0.091471 0.027328 0.217559 -0.091919 0.995644 0.015595 101.646622 -0.025783 -0.018036 0.999505 1.664598 0.000000 0.000000 0.000000 1.000000
0.995423 0.091554 0.027415 0.216386 -0.092002 0.995638 0.015538 101.643036 -0.025873 -0.017989 0.999503 1.655662 0.000000 0.000000 0.000000 1.000000
0.995420 0.091597 0.027382 0.215915 -0.092042 0.995635 0.015460 101.640236 -0.025846 -0.017910 0.999505 1.644150 0.000000 0.000000 0.000000 1.000000
0.995423 0.091578 0.027304 0.216318 -0.092019 0.995639 0.015360 101.640091 -0.025778 -0.017802 0.999509 1.629761 0.000000 0.000000 0.000000 1.000000
0.995431 0.091512 0.027235 0.217502 -0.091949 0.995647 0.015252 101.642464 -0.025721 -0.017687 0.999513 1.613483 0.000000 0.000000 0.000000 1.000000
0.995439 0.091454 0.027168 0.219032 -0.091888 0.995654 0.015162 101.645103 -0.025663 -0.017589 0.999516 1.597038 0.000000 0.000000 0.000000 1.000000
0.995441 0.091451 0.027075 0.220519 -0.091881 0.995655 0.015105 101.645561 -0.025576 -0.017524 0.999519 1.581776 0.000000 0.000000 0.000000 1.000000
0.995440 0.091502 0.026970 0.222006 -0.091930 0.995651 0.015081 101.643150 -0.025472 -0.017491 0.999522 1.568247 0.000000 0.000000 0.000000 1.000000
0.995434 0.091578 0.026911 0.223799 -0.092005 0.995644 0.015083 101.638931 -0.025412 -0.017490 0.999524 1.556782 0.000000 0.000000 0.000000 1.000000
0.995425 0.091668 0.026941 0.225964 -0.092097 0.995635 0.015129 101.634102 -0.025436 -0.017541 0.999523 1.548115 0.000000 0.000000 0.000000 1.000000
0.995411 0.091795 0.027035 0.228491 -0.092229 0.995621 0.015263 101.629318 -0.025515 -0.017686 0.999518 1.543132 0.000000 0.000000 0.000000 1.000000
0.995393 0.091968 0.027123 0.231216 -0.092410 0.995600 0.015516 101.625473 -0.025577 -0.017951 0.999512 1.542111 0.000000 0.000000 0.000000 1.000000
0.995376 0.092137 0.027154 0.234282 -0.092588 0.995578 0.015864 101.624016 -0.025573 -0.018305 0.999505 1.544354 0.000000 0.000000 0.000000 1.000000
0.995369 0.092221 0.027131 0.238149 -0.092681 0.995564 0.016213 101.625656 -0.025515 -0.018653 0.999500 1.548488 0.000000 0.000000 0.000000 1.000000
0.995373 0.092184 0.027092 0.243202 -0.092649 0.995563 0.016469 101.629532 -0.025454 -0.018903 0.999497 1.553052 0.000000 0.000000 0.000000 1.000000
0.995383 0.092082 0.027086 0.249570 -0.092551 0.995570 0.016598 101.633080 -0.025437 -0.019028 0.999495 1.556711 0.000000 0.000000 0.000000 1.000000
0.995387 0.092020 0.027150 0.257242 -0.092491 0.995574 0.016640 101.634262 -0.025499 -0.019074 0.999493 1.558382 0.000000 0.000000 0.000000 1.000000
0.995381 0.092046 0.027291 0.266273 -0.092520 0.995572 0.016650 101.633110 -0.025638 -0.019098 0.999489 1.557503 0.000000 0.000000 0.000000 1.000000
0.995369 0.092120 0.027462 0.276688 -0.092598 0.995564 0.016657 101.631523 -0.025806 -0.019123 0.999484 1.554380 0.000000 0.000000 0.000000 1.000000
0.995361 0.092172 0.027585 0.288132 -0.092652 0.995559 0.016665 101.631142 -0.025926 -0.019143 0.999481 1.550019 0.000000 0.000000 0.000000 1.000000
0.995359 0.092181 0.027609 0.300000 -0.092662 0.995558 0.016680 101.632088 -0.025948 -0.019161 0.999480 1.545439 0.000000 0.000000 0.000000 1.000000
0.995361 0.092180 0.027563 0.311784 -0.092661 0.995557 0.016717 101.633148 -0.025900 -0.019194 0.999480 1.541046 0.000000 0.000000 0.000000 1.000000
0.995360 0.092202 0.027532 0.323414 -0.092684 0.995554 0.016779 101.633461 -0.025863 -0.019253 0.999480 1.536639 0.000000 0.000000 0.000000 1.000000
0.995354 0.092248 0.027585 0.335007 -0.092733 0.995548 0.016855 101.632988 -0.025908 -0.019335 0.999477 1.531853 0.000000 0.000000 0.000000 1.000000
0.995344 0.092309 0.027725 0.346356 -0.092799 0.995541 0.016929 101.632263 -0.026038 -0.019423 0.999472 1.526606 0.000000 0.000000 0.000000 1.000000
0.995332 0.092391 0.027895 0.356935 -0.092885 0.995532 0.016988 101.631516 -0.026200 -0.019499 0.999467 1.521177 0.000000 0.000000 0.000000 1.000000
0.995318 0.092495 0.028033 0.366327 -0.092993 0.995521 0.017026 101.631035 -0.026332 -0.019553 0.999462 1.516064 0.000000 0.000000 0.000000 1.000000
0.995305 0.092609 0.028119 0.374599 -0.093109 0.995510 0.017042 101.631393 -0.026414 -0.019580 0.999459 1.511711 0.000000 0.000000 0.000000 1.000000
0.995293 0.092720 0.028177 0.382395 -0.093221 0.995499 0.017046 101.632462 -0.026470 -0.019593 0.999458 1.508414 0.000000 0.000000 0.000000 1.000000
0.995281 0.092833 0.028238 0.390200 -0.093337 0.995488 0.017064 101.633568 -0.026526 -0.019619 0.999456 1.506348 0.000000 0.000000 0.000000 1.000000
0.995267 0.092967 0.028306 0.397835 -0.093473 0.995475 0.017115 101.633781 -0.026587 -0.019680 0.999453 1.505623 0.000000 0.000000 0.000000 1.000000
0.995252 0.093107 0.028354 0.404725 -0.093616 0.995460 0.017197 101.632988 -0.026624 -0.019770 0.999450 1.506109 0.000000 0.000000 0.000000 1.000000
0.995242 0.093219 0.028352 0.410244 -0.093731 0.995447 0.017289 101.631851 -0.026611 -0.019864 0.999448 1.507388 0.000000 0.000000 0.000000 1.000000
0.995237 0.093292 0.028296 0.414449 -0.093804 0.995439 0.017368 101.630783 -0.026546 -0.019940 0.999449 1.508961 0.000000 0.000000 0.000000 1.000000
0.995232 0.093370 0.028216 0.417763 -0.093882 0.995431 0.017424 101.629456 -0.026460 -0.019990 0.999450 1.510587 0.000000 0.000000 0.000000 1.000000
0.995220 0.093508 0.028158 0.420677 -0.094021 0.995417 0.017461 101.627411 -0.026396 -0.020025 0.999451 1.512241 0.000000 0.000000 0.000000 1.000000
0.995202 0.093708 0.028140 0.423520 -0.094221 0.995398 0.017488 101.624977 -0.026372 -0.020055 0.999451 1.513783 0.000000 0.000000 0.000000 1.000000
0.995184 0.093903 0.028127 0.426550 -0.094415 0.995379 0.017497 101.623260 -0.026354 -0.020069 0.999451 1.514825 0.000000 0.000000 0.000000 1.000000
0.995175 0.094014 0.028062 0.430408 -0.094524 0.995370 0.017452 101.623077 -0.026292 -0.020021 0.999454 1.515070 0.000000 0.000000 0.000000 1.000000
0.995179 0.094016 0.027919 0.435573 -0.094520 0.995372 0.017318 101.623917 -0.026161 -0.019874 0.999460 1.514646 0.000000 0.000000 0.000000 1.000000
0.995191 0.093948 0.027720 0.441997 -0.094443 0.995383 0.017109 101.624695 -0.025985 -0.019645 0.999469 1.514018 0.000000 0.000000 0.000000 1.000000
0.995204 0.093870 0.027518 0.448721 -0.094355 0.995395 0.016894 101.625084 -0.025805 -0.019409 0.999479 1.513500 0.000000 0.000000 0.000000 1.000000
0.995214 0.093816 0.027356 0.454769 -0.094294 0.995404 0.016733 101.625641 -0.025660 -0.019233 0.999486 1.513080 0.000000 0.000000 0.000000 1.000000
0.995219 0.093791 0.027255 0.459810 -0.094264 0.995408 0.016626 101.626747 -0.025571 -0.019116 0.999490 1.512679 0.000000 0.000000 0.000000 1.000000
0.995220 0.093790 0.027204 0.463976 -0.094259 0.995411 0.016525 101.627800 -0.025530 -0.019010 0.999493 1.512564 0.000000 0.000000 0.000000 1.000000
0.995221 0.093799 0.027162 0.467370 -0.094264 0.995412 0.016396 101.628136 -0.025500 -0.018878 0.999497 1.513286 0.000000 0.000000 0.000000 1.000000
0.995223 0.093798 0.027092 0.469938 -0.094258 0.995415 0.016244 101.627907 -0.025444 -0.018720 0.999501 1.515246 0.000000 0.000000 0.000000 1.000000
