<?xml version="1.0" encoding="utf-8"?>
<COLLADA xmlns="http://www.collada.org/2005/11/COLLADASchema" version="1.4.1">
  <asset>
    <contributor>
      <author>Mixamo</author>
      <authoring_tool>COLLADA Mixamo exporter</authoring_tool>
      <comments/>
    </contributor>
    <created>2021-11-11T20:26:09Z</created>
    <modified>2021-11-11T20:26:09Z</modified>
    <revision/>
    <title/>
    <unit meter="0.010000"/>
    <up_axis>Y_UP</up_axis>
  </asset>
  <library_animations>
    <animation id="mixamorig_Hips-anim" name="mixamorig_Hips">
      <source id="mixamorig_Hips-Matrix-animation-input">
        <float_array id="mixamorig_Hips-Matrix-animation-input-array" count="142">

0.000000 0.033333 0.066667 0.100000 0.133333 0.166667 0.200000 0.233333 0.266667 0.300000 0.333333 0.366667 0.400000 0.433333 0.466667 0.500000
0.533333 0.566667 0.600000 0.633333 0.666667 0.700000 0.733333 0.766667 0.800000 0.833333 0.866667 0.900000 0.933333 0.966667 1.000000 1.033333
1.066667 1.100000 1.133333 1.166667 1.200000 1.233333 1.266667 1.300000 1.333333 1.366667 1.400000 1.433333 1.466667 1.500000 1.533333 1.566667
1.600000 1.633333 1.666667 1.700000 1.733333 1.766667 1.800000 1.833333 1.866667 1.900000 1.933333 1.966667 2.000000 2.033333 2.066667 2.100000
2.133333 2.166667 2.200000 2.233333 2.266667 2.300000 2.333333 2.366667 2.400000 2.433333 2.466667 2.500000 2.533333 2.566667 2.600000 2.633333
2.666667 2.700000 2.733333 2.766667 2.800000 2.833333 2.866667 2.900000 2.933333 2.966667 3.000000 3.033333 3.066667 3.100000 3.133333 3.166667
3.200000 3.233333 3.266667 3.300000 3.333333 3.366667 3.400000 3.433333 3.466667 3.500000 3.533333 3.566667 3.600000 3.633333 3.666667 3.700000
3.733333 3.766667 3.800000 3.833333 3.866667 3.900000 3.933333 3.966667 4.000000 4.033333 4.066667 4.100000 4.133333 4.166667 4.200000 4.233333
4.266667 4.300000 4.333333 4.366667 4.400000 4.433333 4.466667 4.500000 4.533333 4.566667 4.600000 4.633333 4.666667 4.700000</float_array>
        <technique_common>
          <accessor source="#mixamorig_Hips-Matrix-animation-input-array" count="142">
            <param name="TIME" type="float"/>
          </accessor>
        </technique_common>
      </source>
      <source id="mixamorig_Hips-Matrix-animation-output-transform">
        <float_array id="mixamorig_Hips-Matrix-animation-output-transform-array" count="2272">

0.997582 0.057033 0.039710 0.407747 -0.059543 0.996095 0.065185 103.399490 -0.035837 -0.067392 0.997083 1.075393 0.000000 0.000000 0.000000 1.000000
0.997561 0.057025 0.040243 0.392560 -0.059574 0.996087 0.065287 103.395035 -0.036362 -0.067525 0.997055 1.031959 0.000000 0.000000 0.000000 1.000000
0.997516 0.057059 0.041293 0.365962 -0.059688 0.996065 0.065517 103.392960 -0.037392 -0.067819 0.996997 0.986695 0.000000 0.000000 0.000000 1.000000
0.997452 0.057064 0.042809 0.326747 -0.059814 0.996028 0.065961 103.393547 -0.038875 -0.068353 0.996904 0.939104 0.000000 0.000000 0.000000 1.000000
0.997373 0.056976 0.044732 0.274621 -0.059881 0.995984 0.066553 103.396835 -0.040760 -0.069057 0.996780 0.889889 0.000000 0.000000 0.000000 1.000000
0.997279 0.056750 0.047051 0.209168 -0.059839 0.995951 0.067092 103.405350 -0.043053 -0.069725 0.996637 0.840758 0.000000 0.000000 0.000000 1.000000
0.997162 0.056382 0.049889 0.128057 -0.059688 0.995935 0.067463 103.421234 -0.045882 -0.070249 0.996474 0.790821 0.000000 0.000000 0.000000 1.000000
0.997008 0.055893 0.053400 0.027503 -0.059461 0.995930 0.067731 103.440643 -0.049397 -0.070704 0.996274 0.735605 0.000000 0.000000 0.000000 1.000000
0.996802 0.055297 0.057688 -0.096627 -0.059185 0.995927 0.068018 103.458298 -0.053692 -0.071215 0.996015 0.671304 0.000000 0.000000 0.000000 1.000000
0.996528 0.054630 0.062829 -0.249071 -0.058908 0.995919 0.068382 103.475105 -0.058837 -0.071845 0.995679 0.597529 0.000000 0.000000 0.000000 1.000000
0.996167 0.053947 0.068851 -0.435082 -0.058687 0.995904 0.068781 103.496826 -0.064859 -0.072558 0.995253 0.513911 0.000000 0.000000 0.000000 1.000000
0.995709 0.053092 0.075793 -0.660027 -0.058365 0.995897 0.069152 103.521049 -0.071810 -0.073279 0.994723 0.415448 0.000000 0.000000 0.000000 1.000000
0.995123 0.052066 0.083784 -0.925251 -0.057957 0.995897 0.069492 103.547852 -0.079822 -0.074009 0.994058 0.295299 0.000000 0.000000 0.000000 1.000000
0.994375 0.050840 0.092922 -1.231658 -0.057442 0.995905 0.069806 103.572357 -0.088992 -0.074751 0.993223 0.149661 0.000000 0.000000 0.000000 1.000000
0.993438 0.049377 0.103166 -1.581161 -0.056765 0.995934 0.069949 103.588188 -0.099292 -0.075346 0.992202 -0.021675 0.000000 0.000000 0.000000 1.000000
0.992281 0.047689 0.114474 -1.974809 -0.055905 0.996003 0.069664 103.584648 -0.110694 -0.075526 0.990981 -0.220621 0.000000 0.000000 0.000000 1.000000
0.990832 0.046064 0.127002 -2.410159 -0.055124 0.996109 0.068768 103.540565 -0.123340 -0.075138 0.989516 -0.452355 0.000000 0.000000 0.000000 1.000000
0.988952 0.045424 0.141106 -2.884725 -0.055336 0.996209 0.067128 103.434982 -0.137522 -0.074195 0.987716 -0.724347 0.000000 0.000000 0.000000 1.000000
0.986505 0.045994 0.157141 -3.405982 -0.056734 0.996300 0.064555 103.207695 -0.153591 -0.072599 0.985464 -1.041762 0.000000 0.000000 0.000000 1.000000
0.983355 0.048139 0.175204 -3.922128 -0.059629 0.996360 0.060915 102.825249 -0.171634 -0.070348 0.982646 -1.396838 0.000000 0.000000 0.000000 1.000000
0.979425 0.052041 0.194982 -4.369735 -0.064142 0.996353 0.056269 102.315041 -0.191343 -0.067618 0.979191 -1.772832 0.000000 0.000000 0.000000 1.000000
0.974720 0.057024 0.216032 -4.736689 -0.069534 0.996288 0.050748 101.746490 -0.212337 -0.064487 0.975066 -2.140397 0.000000 0.000000 0.000000 1.000000
0.969365 0.061696 0.237752 -5.017675 -0.074310 0.996244 0.044455 101.228455 -0.234116 -0.060761 0.970308 -2.473517 0.000000 0.000000 0.000000 1.000000
0.963548 0.064759 0.259578 -5.221454 -0.077099 0.996313 0.037629 100.857063 -0.256184 -0.056271 0.964989 -2.756143 0.000000 0.000000 0.000000 1.000000
0.957357 0.065831 0.281309 -5.355266 -0.077542 0.996517 0.030692 100.676567 -0.278309 -0.051196 0.959126 -2.979425 0.000000 0.000000 0.000000 1.000000
0.950789 0.065134 0.302916 -5.417250 -0.075926 0.996825 0.023973 100.664612 -0.300393 -0.045793 0.952716 -3.144966 0.000000 0.000000 0.000000 1.000000
0.943847 0.063093 0.324302 -5.408428 -0.072722 0.997196 0.017646 100.751686 -0.322280 -0.040239 0.945789 -3.261791 0.000000 0.000000 0.000000 1.000000
0.936426 0.060291 0.345647 -5.338134 -0.068604 0.997573 0.011857 100.857079 -0.344094 -0.034816 0.938290 -3.340509 0.000000 0.000000 0.000000 1.000000
0.928312 0.057393 0.367346 -5.220541 -0.064376 0.997903 0.006773 100.924034 -0.366186 -0.029936 0.930060 -3.388769 0.000000 0.000000 0.000000 1.000000
0.919484 0.054853 0.389282 -5.073827 -0.060685 0.998153 0.002690 100.937943 -0.388415 -0.026097 0.921115 -3.410977 0.000000 0.000000 0.000000 1.000000
0.910316 0.052632 0.410554 -4.919079 -0.057747 0.998331 0.000057 100.916603 -0.409866 -0.023760 0.911836 -3.407269 0.000000 0.000000 0.000000 1.000000
0.901401 0.050380 0.430044 -4.775250 -0.055385 0.998465 -0.000878 100.885216 -0.429428 -0.023026 0.902808 -3.376901 0.000000 0.000000 0.000000 1.000000
0.893233 0.047944 0.447031 -4.653669 -0.053426 0.998572 -0.000344 100.859146 -0.446409 -0.023576 0.894519 -3.322618 0.000000 0.000000 0.000000 1.000000
0.886150 0.045605 0.461149 -4.557584 -0.052028 0.998645 0.001218 100.842499 -0.460469 -0.025072 0.887322 -3.246253 0.000000 0.000000 0.000000 1.000000
0.880550 0.043669 0.471936 -4.488808 -0.051432 0.998670 0.003555 100.831207 -0.471153 -0.027403 0.881625 -3.144701 0.000000 0.000000 0.000000 1.000000
0.876932 0.042020 0.478775 -4.454117 -0.051505 0.998650 0.006690 100.817017 -0.477847 -0.030526 0.877912 -3.016343 0.000000 0.000000 0.000000 1.000000
0.875604 0.040311 0.481344 -4.465875 -0.051836 0.998599 0.010666 100.794861 -0.480240 -0.034290 0.876467 -2.866343 0.000000 0.000000 0.000000 1.000000
0.876456 0.038431 0.479945 -4.534719 -0.052197 0.998519 0.015363 100.766022 -0.478644 -0.038517 0.877164 -2.702674 0.000000 0.000000 0.000000 1.000000
0.879009 0.036613 0.475398 -4.627384 -0.052721 0.998397 0.020590 100.735214 -0.473882 -0.043162 0.879530 -2.530374 0.000000 0.000000 0.000000 1.000000
0.882634 0.034918 0.468763 -4.729717 -0.053379 0.998232 0.026149 100.707298 -0.467021 -0.048102 0.882937 -2.351853 0.000000 0.000000 0.000000 1.000000
0.886759 0.032930 0.461058 -4.842484 -0.053675 0.998047 0.031952 100.690643 -0.459106 -0.053081 0.886794 -2.170394 0.000000 0.000000 0.000000 1.000000
0.890997 0.030000 0.453017 -4.967358 -0.052984 0.997867 0.038128 100.695213 -0.450907 -0.057975 0.890686 -1.990690 0.000000 0.000000 0.000000 1.000000
0.895192 0.025838 0.444931 -5.100514 -0.051085 0.997687 0.044843 100.723877 -0.442744 -0.062872 0.894441 -1.817069 0.000000 0.000000 0.000000 1.000000
0.899371 0.020768 0.436693 -5.233078 -0.048272 0.997481 0.051978 100.771072 -0.434514 -0.067828 0.898108 -1.651466 0.000000 0.000000 0.000000 1.000000
0.903658 0.015360 0.427980 -5.357542 -0.044961 0.997237 0.059141 100.827934 -0.425889 -0.072685 0.901851 -1.494061 0.000000 0.000000 0.000000 1.000000
0.908233 0.009993 0.418345 -5.472388 -0.041358 0.996964 0.065974 100.890839 -0.416415 -0.077222 0.905889 -1.345151 0.000000 0.000000 0.000000 1.000000
0.913327 0.004725 0.407199 -5.578679 -0.037438 0.996672 0.072405 100.961212 -0.405502 -0.081374 0.910465 -1.205605 0.000000 0.000000 0.000000 1.000000
0.919144 -0.000600 0.393921 -5.672463 -0.033041 0.996358 0.078611 101.040726 -0.392533 -0.085270 0.915776 -1.076504 0.000000 0.000000 0.000000 1.000000
0.925732 -0.006131 0.378130 -5.747137 -0.028048 0.996002 0.084815 101.128777 -0.377138 -0.089122 0.921859 -0.957301 0.000000 0.000000 0.000000 1.000000
0.932960 -0.011878 0.359785 -5.803709 -0.022441 0.995592 0.091060 101.222031 -0.359281 -0.093030 0.928581 -0.845788 0.000000 0.000000 0.000000 1.000000
0.940574 -0.017738 0.339126 -5.850438 -0.016268 0.995135 0.097169 101.319077 -0.339199 -0.096911 0.935709 -0.741255 0.000000 0.000000 0.000000 1.000000
0.948242 -0.023687 0.316664 -5.892419 -0.009542 0.994638 0.102975 101.418861 -0.317405 -0.100667 0.942932 -0.643332 0.000000 0.000000 0.000000 1.000000
0.955569 -0.029718 0.293266 -5.930492 -0.002411 0.994084 0.108590 101.519302 -0.294758 -0.104472 0.949844 -0.550461 0.000000 0.000000 0.000000 1.000000
0.962151 -0.035669 0.270174 -5.968304 0.004741 0.993438 0.114273 101.617157 -0.272477 -0.108667 0.956006 -0.464055 0.000000 0.000000 0.000000 1.000000
0.967756 -0.041190 0.248498 -6.013050 0.011444 0.992710 0.119980 101.708679 -0.251628 -0.113267 0.961173 -0.391719 0.000000 0.000000 0.000000 1.000000
0.972612 -0.046007 0.227835 -6.070823 0.017585 0.991971 0.125238 101.788177 -0.231768 -0.117801 0.965612 -0.339660 0.000000 0.000000 0.000000 1.000000
0.977371 -0.050197 0.205488 -6.142439 0.023727 0.991320 0.129311 101.850845 -0.210195 -0.121509 0.970079 -0.301773 0.000000 0.000000 0.000000 1.000000
0.982494 -0.054153 0.178252 -6.224502 0.030789 0.990862 0.131319 101.906044 -0.183735 -0.123532 0.975183 -0.261621 0.000000 0.000000 0.000000 1.000000
0.987601 -0.058021 0.145869 -6.310763 0.038893 0.990656 0.130722 101.974380 -0.152090 -0.123428 0.980629 -0.205020 0.000000 0.000000 0.000000 1.000000
0.991790 -0.061175 0.112292 -6.392569 0.046602 0.990665 0.128104 102.067764 -0.119080 -0.121819 0.985383 -0.128676 0.000000 0.000000 0.000000 1.000000
0.994578 -0.062770 0.082912 -6.465507 0.052104 0.990779 0.125066 102.168388 -0.089998 -0.120068 0.988678 -0.040437 0.000000 0.000000 0.000000 1.000000
0.996184 -0.062632 0.060787 -6.531850 0.054795 0.990895 0.122983 102.244804 -0.067936 -0.119183 0.990545 0.045148 0.000000 0.000000 0.000000 1.000000
0.997067 -0.061587 0.045428 -6.596540 0.055649 0.990963 0.122043 102.290268 -0.052534 -0.119157 0.991485 0.112034 0.000000 0.000000 0.000000 1.000000
0.997572 -0.060590 0.034321 -6.658407 0.056010 0.991007 0.121527 102.318802 -0.041376 -0.119310 0.991995 0.152815 0.000000 0.000000 0.000000 1.000000
0.997883 -0.060022 0.025044 -6.707945 0.056585 0.991081 0.120648 102.339386 -0.032062 -0.118976 0.992379 0.173142 0.000000 0.000000 0.000000 1.000000
0.998075 -0.059788 0.016497 -6.730721 0.057408 0.991217 0.119138 102.357323 -0.023475 -0.117961 0.992741 0.183937 0.000000 0.000000 0.000000 1.000000
0.998185 -0.059600 0.008683 -6.711547 0.058175 0.991398 0.117241 102.376770 -0.015596 -0.116523 0.993066 0.193346 0.000000 0.000000 0.000000 1.000000
0.998240 -0.059281 0.001641 -6.643016 0.058698 0.991604 0.115218 102.396332 -0.008457 -0.114919 0.993339 0.204607 0.000000 0.000000 0.000000 1.000000
0.998256 -0.058827 -0.004949 -6.542550 0.059010 0.991832 0.113079 102.410194 -0.001744 -0.113173 0.993574 0.217499 0.000000 0.000000 0.000000 1.000000
0.998241 -0.058204 -0.011293 -6.447688 0.059098 0.992087 0.110770 102.416100 0.004757 -0.111242 0.993782 0.231724 0.000000 0.000000 0.000000 1.000000
0.998208 -0.057306 -0.017241 -6.362472 0.058843 0.992360 0.108442 102.416153 0.010895 -0.109263 0.993953 0.250409 0.000000 0.000000 0.000000 1.000000
0.998168 -0.056159 -0.022516 -6.287101 0.058246 0.992616 0.106401 102.413902 0.016374 -0.107517 0.994068 0.278508 0.000000 0.000000 0.000000 1.000000
0.998127 -0.054863 -0.027050 -6.219272 0.057410 0.992842 0.104729 102.408630 0.021110 -0.106086 0.994133 0.318916 0.000000 0.000000 0.000000 1.000000
0.998087 -0.053395 -0.031158 -6.157407 0.056344 0.993080 0.103038 102.395729 0.025441 -0.104596 0.994189 0.370862 0.000000 0.000000 0.000000 1.000000
0.998048 -0.051479 -0.035344 -6.104620 0.054807 0.993401 0.100750 102.370621 0.029924 -0.102490 0.994284 0.430497 0.000000 0.000000 0.000000 1.000000
0.998015 -0.048778 -0.039845 -6.069069 0.052472 0.993837 0.097650 102.331619 0.034836 -0.099547 0.994423 0.488309 0.000000 0.000000 0.000000 1.000000
0.997988 -0.045312 -0.044351 -6.060912 0.049320 0.994359 0.093904 102.284569 0.039845 -0.095902 0.994593 0.528207 0.000000 0.000000 0.000000 1.000000
0.997974 -0.041571 -0.048172 -6.087796 0.045766 0.994932 0.089532 102.251099 0.044206 -0.091555 0.994818 0.537159 0.000000 0.000000 0.000000 1.000000
0.998011 -0.037777 -0.050470 -6.142958 0.041948 0.995555 0.084322 102.243866 0.047060 -0.086271 0.995160 0.518495 0.000000 0.000000 0.000000 1.000000
0.998166 -0.033679 -0.050311 -6.206125 0.037570 0.996205 0.078507 102.258354 0.047476 -0.080253 0.995643 0.487548 0.000000 0.000000 0.000000 1.000000
0.998468 -0.029269 -0.046966 -6.253938 0.032658 0.996791 0.073090 102.278450 0.044676 -0.074511 0.996219 0.459493 0.000000 0.000000 0.000000 1.000000
0.998873 -0.025150 -0.040247 -6.271456 0.027888 0.997227 0.069002 102.292755 0.038400 -0.070047 0.996804 0.442422 0.000000 0.000000 0.000000 1.000000
0.999301 -0.021904 -0.030305 -6.254879 0.023874 0.997517 0.066255 102.299446 0.028779 -0.066932 0.997342 0.435587 0.000000 0.000000 0.000000 1.000000
0.999659 -0.019619 -0.017257 -6.207527 0.020691 0.997716 0.064305 102.299500 0.015956 -0.064640 0.997781 0.431547 0.000000 0.000000 0.000000 1.000000
0.999837 -0.018014 -0.001252 -6.133793 0.018057 0.997860 0.062846 102.291916 0.000118 -0.062858 0.998022 0.424347 0.000000 0.000000 0.000000 1.000000
0.999713 -0.016665 0.017198 -6.036450 0.015571 0.997962 0.061882 102.276047 -0.018195 -0.061597 0.997935 0.415963 0.000000 0.000000 0.000000 1.000000
0.999193 -0.015233 0.037161 -5.917925 0.012931 0.998027 0.061438 102.256500 -0.038024 -0.060908 0.997419 0.412671 0.000000 0.000000 0.000000 1.000000
0.998256 -0.013703 0.057425 -5.779049 0.010163 0.998056 0.061492 102.244370 -0.058156 -0.060802 0.996454 0.416900 0.000000 0.000000 0.000000 1.000000
0.996975 -0.012161 0.076764 -5.619866 0.007406 0.998054 0.061921 102.250359 -0.077367 -0.061165 0.995125 0.423746 0.000000 0.000000 0.000000 1.000000
0.995500 -0.010486 0.094184 -5.445323 0.004603 0.998037 0.062464 102.278877 -0.094654 -0.061749 0.993593 0.427074 0.000000 0.000000 0.000000 1.000000
0.994006 -0.008362 0.109008 -5.262198 0.001488 0.998013 0.062990 102.325981 -0.109318 -0.062450 0.992043 0.427909 0.000000 0.000000 0.000000 1.000000
0.992652 -0.005620 0.120876 -5.073672 -0.002090 0.997976 0.063564 102.383118 -0.120989 -0.063350 0.990630 0.430838 0.000000 0.000000 0.000000 1.000000
0.991557 -0.002311 0.129648 -4.881702 -0.006071 0.997917 0.064220 102.443192 -0.129527 -0.064465 0.989478 0.437319 0.000000 0.000000 0.000000 1.000000
0.990805 0.001447 0.135287 -4.690531 -0.010317 0.997839 0.064891 102.505302 -0.134901 -0.065690 0.988679 0.447181 0.000000 0.000000 0.000000 1.000000
0.990428 0.005571 0.137916 -4.503185 -0.014729 0.997746 0.065474 102.573715 -0.137240 -0.066878 0.988278 0.460479 0.000000 0.000000 0.000000 1.000000
0.990405 0.010033 0.137828 -4.317740 -0.019273 0.997642 0.065868 102.652985 -0.136842 -0.067892 0.988264 0.476660 0.000000 0.000000 0.000000 1.000000
0.990695 0.014762 0.135295 -4.128565 -0.023880 0.997532 0.066021 102.742043 -0.133987 -0.068637 0.988603 0.494845 0.000000 0.000000 0.000000 1.000000
0.991247 0.019725 0.130535 -3.929430 -0.028534 0.997414 0.065962 102.835754 -0.128896 -0.069110 0.989247 0.515056 0.000000 0.000000 0.000000 1.000000
0.991985 0.024928 0.123870 -3.717520 -0.033276 0.997279 0.065789 102.925201 -0.121893 -0.069384 0.990115 0.538552 0.000000 0.000000 0.000000 1.000000
0.992817 0.030311 0.115742 -3.494581 -0.038090 0.997119 0.065598 103.002861 -0.113420 -0.069536 0.991111 0.566460 0.000000 0.000000 0.000000 1.000000
0.993669 0.035663 0.106540 -3.264616 -0.042795 0.996940 0.065421 103.069176 -0.103881 -0.069566 0.992154 0.599829 0.000000 0.000000 0.000000 1.000000
0.994496 0.040662 0.096567 -3.030100 -0.047092 0.996756 0.065268 103.132057 -0.093600 -0.069456 0.993184 0.641066 0.000000 0.000000 0.000000 1.000000
0.995257 0.045113 0.086184 -2.790258 -0.050821 0.996576 0.065222 103.198555 -0.082947 -0.069292 0.994142 0.693211 0.000000 0.000000 0.000000 1.000000
0.995911 0.049014 0.075893 -2.545283 -0.054020 0.996398 0.065373 103.266037 -0.072415 -0.069206 0.994971 0.757001 0.000000 0.000000 0.000000 1.000000
0.996455 0.051891 0.066223 -2.303602 -0.056248 0.996251 0.065721 103.305046 -0.062564 -0.069212 0.995638 0.828504 0.000000 0.000000 0.000000 1.000000
0.996846 0.054475 0.057708 -2.065999 -0.058264 0.996107 0.066156 103.334290 -0.053879 -0.069309 0.996139 0.905579 0.000000 0.000000 0.000000 1.000000
0.997098 0.056741 0.050759 -1.836490 -0.060065 0.995974 0.066551 103.352440 -0.046778 -0.069406 0.996491 0.983405 0.000000 0.000000 0.000000 1.000000
0.997239 0.058626 0.045571 -1.616097 -0.061600 0.995858 0.066870 103.361542 -0.041462 -0.069492 0.996720 1.057512 0.000000 0.000000 0.000000 1.000000
0.997308 0.060129 0.041960 -1.402810 -0.062862 0.995759 0.067181 103.363533 -0.037743 -0.069638 0.996858 1.125464 0.000000 0.000000 0.000000 1.000000
0.997340 0.061318 0.039413 -1.194685 -0.063883 0.995670 0.067522 103.360138 -0.035102 -0.069861 0.996939 1.187402 0.000000 0.000000 0.000000 1.000000
0.997359 0.062240 0.037439 -0.992191 -0.064677 0.995598 0.067836 103.355133 -0.033052 -0.070078 0.996994 1.244783 0.000000 0.000000 0.000000 1.000000
0.997377 0.062871 0.035865 -0.796514 -0.065204 0.995548 0.068066 103.353050 -0.031426 -0.070226 0.997036 1.297714 0.000000 0.000000 0.000000 1.000000
0.997396 0.063198 0.034747 -0.608246 -0.065456 0.995520 0.068235 103.356445 -0.030279 -0.070332 0.997064 1.343598 0.000000 0.000000 0.000000 1.000000
0.997412 0.063298 0.034104 -0.428659 -0.065516 0.995505 0.068398 103.364410 -0.029621 -0.070455 0.997075 1.379698 0.000000 0.000000 0.000000 1.000000
0.997423 0.063291 0.033789 -0.260508 -0.065492 0.995495 0.068560 103.373970 -0.029298 -0.070596 0.997075 1.404827 0.000000 0.000000 0.000000 1.000000
0.997430 0.063285 0.033597 -0.106995 -0.065475 0.995489 0.068665 103.384033 -0.029100 -0.070689 0.997074 1.417928 0.000000 0.000000 0.000000 1.000000
0.997465 0.062829 0.033400 0.025889 -0.065006 0.995519 0.068676 103.376175 -0.028935 -0.070673 0.997080 1.418018 0.000000 0.000000 0.000000 1.000000
0.997510 0.062181 0.033269 0.140433 -0.064349 0.995565 0.068630 103.360703 -0.028853 -0.070600 0.997087 1.409972 0.000000 0.000000 0.000000 1.000000
0.997533 0.061787 0.033323 0.241318 -0.063958 0.995592 0.068606 103.355034 -0.028938 -0.070568 0.997087 1.399596 0.000000 0.000000 0.000000 1.000000
0.997541 0.061506 0.033587 0.327845 -0.063698 0.995606 0.068646 103.353676 -0.029217 -0.070616 0.997076 1.387008 0.000000 0.000000 0.000000 1.000000
0.997541 0.061267 0.034026 0.399891 -0.063493 0.995612 0.068742 103.353836 -0.029665 -0.070734 0.997054 1.369569 0.000000 0.000000 0.000000 1.000000
0.997537 0.061043 0.034553 0.459353 -0.063312 0.995614 0.068881 103.354828 -0.030197 -0.070899 0.997026 1.346907 0.000000 0.000000 0.000000 1.000000
0.997532 0.060841 0.035053 0.508539 -0.063150 0.995614 0.069032 103.357414 -0.030699 -0.071076 0.996998 1.322948 0.000000 0.000000 0.000000 1.000000
0.997529 0.060637 0.035486 0.548240 -0.062982 0.995614 0.069178 103.361343 -0.031136 -0.071242 0.996973 1.301771 0.000000 0.000000 0.000000 1.000000
0.997529 0.060364 0.035942 0.579155 -0.062747 0.995617 0.069357 103.364922 -0.031598 -0.071441 0.996944 1.284501 0.000000 0.000000 0.000000 1.000000
0.997529 0.060020 0.036518 0.602939 -0.062454 0.995617 0.069614 103.367111 -0.032180 -0.071723 0.996905 1.270104 0.000000 0.000000 0.000000 1.000000
0.997524 0.059698 0.037177 0.620844 -0.062189 0.995612 0.069921 103.368797 -0.032840 -0.072060 0.996860 1.257099 0.000000 0.000000 0.000000 1.000000
0.997516 0.059448 0.037789 0.632932 -0.061993 0.995604 0.070204 103.370041 -0.033449 -0.072372 0.996817 1.244594 0.000000 0.000000 0.000000 1.000000
0.997511 0.059233 0.038265 0.639075 -0.061821 0.995601 0.070411 103.369446 -0.033926 -0.072601 0.996784 1.232710 0.000000 0.000000 0.000000 1.000000
0.997510 0.059017 0.038610 0.639783 -0.061633 0.995606 0.070504 103.367546 -0.034279 -0.072708 0.996764 1.221957 0.000000 0.000000 0.000000 1.000000
0.997513 0.058801 0.038871 0.635467 -0.061435 0.995621 0.070460 103.366951 -0.034558 -0.072673 0.996757 1.212248 0.000000 0.000000 0.000000 1.000000
0.997515 0.058602 0.039122 0.626136 -0.061248 0.995645 0.070281 103.369324 -0.034833 -0.072502 0.996760 1.202721 0.000000 0.000000 0.000000 1.000000
0.997513 0.058406 0.039441 0.612300 -0.061065 0.995677 0.069987 103.373375 -0.035183 -0.072221 0.996768 1.192241 0.000000 0.000000 0.000000 1.000000
0.997510 0.058204 0.039832 0.595140 -0.060879 0.995715 0.069611 103.376984 -0.035609 -0.071862 0.996779 1.180399 0.000000 0.000000 0.000000 1.000000
0.997505 0.058036 0.040195 0.575646 -0.060721 0.995756 0.069159 103.380371 -0.036010 -0.071427 0.996796 1.168212 0.000000 0.000000 0.000000 1.000000
0.997499 0.057950 0.040461 0.554164 -0.060634 0.995800 0.068604 103.384811 -0.036316 -0.070886 0.996823 1.157202 0.000000 0.000000 0.000000 1.000000
0.997493 0.057919 0.040649 0.530972 -0.060593 0.995846 0.067960 103.389977 -0.036544 -0.070253 0.996860 1.147703 0.000000 0.000000 0.000000 1.000000
0.997491 0.057858 0.040787 0.506568 -0.060518 0.995894 0.067320 103.395538 -0.036724 -0.069619 0.996897 1.138855 0.000000 0.000000 0.000000 1.000000
0.997496 0.057732 0.040850 0.481387 -0.060376 0.995942 0.066745 103.401413 -0.036831 -0.069044 0.996933 1.128998 0.000000 0.000000 0.000000 1.000000
0.997513 0.057524 0.040727 0.455887 -0.060138 0.995993 0.066193 103.403969 -0.036756 -0.068478 0.996975 1.115351 0.000000 0.000000 0.000000 1.000000
0.997543 0.057297 0.040320 0.431750 -0.059865 0.996045 0.065654 103.403664 -0.036399 -0.067906 0.997028 1.096672 0.000000 0.000000 0.000000 1.000000
0.997582 0.057033 0.039710 0.407748 -0.059543 0.996095 0.065185 103.399490 -0.035837 -0.067392 0.997083 1.075393 0.000000 0.000000 0.000000 1.000000</float_array>
        <technique_common>
          <accessor source="#mixamorig_Hips-Matrix-animation-output-transform-array" count="142" stride="16">
            <param type="float4x4"/>
          </accessor>
        </technique_common>
      </source>
      <source id="mixamorig_Hips-Interpolations">
        <Name_array id="mixamorig_Hips-Interpolations-array" count="142">
 LINEAR LINEAR LINEAR LINEAR LINEAR LINEAR LINEAR LINEAR LINEAR LINEAR LINEAR
LINEAR LINEAR LINEAR LINEAR LINEAR LINEAR LINEAR LINEAR LINEAR LINEAR LINEAR LINEAR
LINEAR LINEAR LINEAR LINEAR LINEAR LINEAR LINEAR LINEAR LINEAR LINEAR LINEAR LINEAR
LINEAR LINEAR LINEAR LINEAR LINEAR LINEAR LINEAR LINEAR LINEAR LINEAR LINEAR LINEAR
LINEAR LINEAR LINEAR LINEAR LINEAR LINEAR LINEAR LINEAR LINEAR LINEAR LINEAR LINEAR
LINEAR LINEAR LINEAR LINEAR LINEAR LINEAR LINEAR LINEAR LINEAR LINEAR LINEAR LINEAR
LINEAR LINEAR LINEAR LINEAR LINEAR LINEAR LINEAR LINEAR LINEAR LINEAR LINEAR LINEAR
LINEAR LINEAR LINEAR LINEAR LINEAR LINEAR LINEAR LINEAR LINEAR LINEAR LINEAR LINEAR
LINEAR LINEAR LINEAR LINEAR LINEAR LINEAR LINEAR LINEAR LINEAR LINEAR LINEAR LINEAR
LINEAR LINEAR LINEAR LINEAR LINEAR LINEAR LINEAR LINEAR LINEAR LINEAR LINEAR LINEAR
LINEAR LINEAR LINEAR LINEAR LINEAR LINEAR LINEAR LINEAR LINEAR LINEAR LINEAR LINEAR
LINEAR LINEAR LINEAR LINEAR LINEAR LINEAR LINEAR LINEAR LINEAR LINEAR LINEAR</Name_array>
        <technique_common>
          <accessor source="#mixamorig_Hips-Interpolations-array" count="142">
            <param type="name"/>
          </accessor>
        </technique_common>
      </source>
      <sampler id="mixamorig_Hips-Matrix-animation-transform">
        <input semantic="INPUT" source="#mixamorig_Hips-Matrix-animation-input"/>
        <input semantic="OUTPUT" source="#mixamorig_Hips-Matrix-animation-output-transform"/>
        <input semantic="INTERPOLATION" source="#mixamorig_Hips-Interpolations"/>
      </sampler>
      <channel source="#mixamorig_Hips-Matrix-animation-transform" target="mixamorig_Hips/matrix"/>
    </animation>
    <animation id="mixamorig_Spine-anim" name="mixamorig_Spine">
      <source id="mixamorig_Spine-Matrix-animation-input">
        <float_array id="mixamorig_Spine-Matrix-animation-input-array" count="142">

0.000000 0.033333 0.066667 0.100000 0.133333 0.166667 0.200000 0.233333 0.266667 0.300000 0.333333 0.366667 0.400000 0.433333 0.466667 0.500000
0.533333 0.566667 0.600000 0.633333 0.666667 0.700000 0.733333 0.766667 0.800000 0.833333 0.866667 0.900000 0.933333 0.966667 1.000000 1.033333
1.066667 1.100000 1.133333 1.166667 1.200000 1.233333 1.266667 1.300000 1.333333 1.366667 1.400000 1.433333 1.466667 1.500000 1.533333 1.566667
1.600000 1.633333 1.666667 1.700000 1.733333 1.766667 1.800000 1.833333 1.866667 1.900000 1.933333 1.966667 2.000000 2.033333 2.066667 2.100000
2.133333 2.166667 2.200000 2.233333 2.266667 2.300000 2.333333 2.366667 2.400000 2.433333 2.466667 2.500000 2.533333 2.566667 2.600000 2.633333
2.666667 2.700000 2.733333 2.766667 2.800000 2.833333 2.866667 2.900000 2.933333 2.966667 3.000000 3.033333 3.066667 3.100000 3.133333 3.166667
3.200000 3.233333 3.266667 3.300000 3.333333 3.366667 3.400000 3.433333 3.466667 3.500000 3.533333 3.566667 3.600000 3.633333 3.666667 3.700000
3.733333 3.766667 3.800000 3.833333 3.866667 3.900000 3.933333 3.966667 4.000000 4.033333 4.066667 4.100000 4.133333 4.166667 4.200000 4.233333
4.266667 4.300000 4.333333 4.366667 4.400000 4.433333 4.466667 4.500000 4.533333 4.566667 4.600000 4.633333 4.666667 4.700000</float_array>
        <technique_common>
          <accessor source="#mixamorig_Spine-Matrix-animation-input-array" count="142">
            <param name="TIME" type="float"/>
          </accessor>
        </technique_common>
      </source>
      <source id="mixamorig_Spine-Matrix-animation-output-transform">
        <float_array id="mixamorig_Spine-Matrix-animation-output-transform-array" count="2272">

0.998498 -0.047707 0.026925 0.000000 0.049192 0.997134 -0.057488 10.181600 -0.024106 0.058726 0.997983 0.131500 0.000000 0.000000 0.000000 1.000000
0.998498 -0.047697 0.026950 0.000000 0.049184 0.997133 -0.057509 10.181600 -0.024130 0.058748 0.997981 0.131500 0.000000 0.000000 0.000000 1.000000
0.998497 -0.047704 0.026990 0.000000 0.049193 0.997132 -0.057509 10.181600 -0.024169 0.058751 0.997980 0.131500 0.000000 0.000000 0.000000 1.000000
0.998497 -0.047669 0.027039 0.000000 0.049162 0.997133 -0.057525 10.181600 -0.024219 0.058767 0.997978 0.131500 0.000000 0.000000 0.000000 1.000000
0.998502 -0.047559 0.027071 0.000000 0.049054 0.997136 -0.057555 10.181600 -0.024256 0.058797 0.997975 0.131500 0.000000 0.000000 0.000000 1.000000
0.998510 -0.047385 0.027080 0.000000 0.048881 0.997145 -0.057546 10.181600 -0.024276 0.058784 0.997975 0.131500 0.000000 0.000000 0.000000 1.000000
0.998518 -0.047207 0.027088 -0.000000 0.048702 0.997159 -0.057463 10.181600 -0.024299 0.058697 0.997980 0.131500 0.000000 0.000000 0.000000 1.000000
0.998525 -0.047045 0.027097 0.000000 0.048538 0.997174 -0.057349 10.181600 -0.024322 0.058579 0.997986 0.131500 0.000000 0.000000 0.000000 1.000000
0.998534 -0.046865 0.027102 0.000000 0.048356 0.997186 -0.057279 10.181600 -0.024341 0.058505 0.997990 0.131500 0.000000 0.000000 0.000000 1.000000
0.998543 -0.046652 0.027126 0.000000 0.048145 0.997196 -0.057284 10.181600 -0.024378 0.058507 0.997989 0.131500 0.000000 0.000000 0.000000 1.000000
0.998553 -0.046401 0.027180 0.000000 0.047899 0.997205 -0.057341 10.181600 -0.024443 0.058560 0.997985 0.131500 0.000000 0.000000 0.000000 1.000000
0.998573 -0.045932 0.027241 0.000000 0.047436 0.997222 -0.057423 10.181600 -0.024528 0.058633 0.997978 0.131500 0.000000 0.000000 0.000000 1.000000
0.998602 -0.045277 0.027287 0.000000 0.046788 0.997246 -0.057550 10.181600 -0.024606 0.058746 0.997970 0.131500 0.000000 0.000000 0.000000 1.000000
0.998638 -0.044445 0.027315 0.000000 0.045965 0.997270 -0.057798 10.181600 -0.024671 0.058975 0.997955 0.131500 0.000000 0.000000 0.000000 1.000000
0.998682 -0.043446 0.027345 0.000000 0.044979 0.997289 -0.058233 10.181600 -0.024741 0.059386 0.997928 0.131500 0.000000 0.000000 0.000000 1.000000
0.998729 -0.042305 0.027401 0.000000 0.043860 0.997302 -0.058864 10.181600 -0.024837 0.059991 0.997890 0.131500 0.000000 0.000000 0.000000 1.000000
0.998773 -0.041203 0.027487 -0.000000 0.042784 0.997301 -0.059668 10.181600 -0.024954 0.060771 0.997840 0.131500 0.000000 0.000000 0.000000 1.000000
0.998784 -0.040813 0.027642 0.000000 0.042429 0.997257 -0.060648 10.181600 -0.025091 0.061747 0.997776 0.131500 0.000000 0.000000 0.000000 1.000000
0.998770 -0.041010 0.027860 0.000000 0.042671 0.997171 -0.061886 10.181600 -0.025243 0.062999 0.997694 0.131500 0.000000 0.000000 0.000000 1.000000
0.998732 -0.041764 0.028117 0.000000 0.043483 0.997028 -0.063598 10.181600 -0.025377 0.064740 0.997579 0.131500 0.000000 0.000000 0.000000 1.000000
0.998663 -0.043088 0.028552 0.000000 0.044899 0.996800 -0.066137 10.181600 -0.025611 0.067330 0.997402 0.131500 0.000000 0.000000 0.000000 1.000000
0.998566 -0.044805 0.029299 0.000000 0.046754 0.996476 -0.069643 10.181600 -0.026075 0.070913 0.997142 0.131500 0.000000 0.000000 0.000000 1.000000
0.998455 -0.046553 0.030352 0.000000 0.048682 0.996096 -0.073641 10.181600 -0.026805 0.075005 0.996823 0.131500 0.000000 0.000000 0.000000 1.000000
0.998360 -0.047839 0.031443 -0.000000 0.050146 0.995753 -0.077215 10.181600 -0.027615 0.078665 0.996519 0.131500 0.000000 0.000000 0.000000 1.000000
0.998307 -0.048359 0.032319 0.000000 0.050805 0.995522 -0.079717 10.181600 -0.028319 0.081224 0.996293 0.131500 0.000000 0.000000 0.000000 1.000000
0.998301 -0.047964 0.033070 0.000000 0.050515 0.995418 -0.081181 10.181600 -0.029025 0.082713 0.996151 0.131500 0.000000 0.000000 0.000000 1.000000
0.998329 -0.046754 0.033949 0.000000 0.049406 0.995408 -0.081993 10.181600 -0.029959 0.083533 0.996055 0.131500 0.000000 0.000000 0.000000 1.000000
0.998369 -0.045180 0.034893 0.000000 0.047929 0.995441 -0.082460 10.181600 -0.031008 0.083998 0.995983 0.131500 0.000000 0.000000 0.000000 1.000000
0.998408 -0.043820 0.035528 0.000000 0.046637 0.995476 -0.082778 10.181600 -0.031740 0.084303 0.995935 0.131500 0.000000 0.000000 0.000000 1.000000
0.998434 -0.043053 0.035711 0.000000 0.045899 0.995481 -0.083137 10.181600 -0.031971 0.084646 0.995898 0.131500 0.000000 0.000000 0.000000 1.000000
0.998443 -0.042863 0.035700 0.000000 0.045725 0.995446 -0.083641 10.181600 -0.031952 0.085143 0.995856 0.131500 0.000000 0.000000 0.000000 1.000000
0.998436 -0.042955 0.035784 0.000000 0.045842 0.995393 -0.084212 10.181600 -0.032002 0.085721 0.995805 0.131500 0.000000 0.000000 0.000000 1.000000
0.998422 -0.043034 0.036070 0.000000 0.045961 0.995348 -0.084672 10.181600 -0.032259 0.086197 0.995756 0.131500 0.000000 0.000000 0.000000 1.000000
0.998404 -0.043026 0.036571 -0.000000 0.046002 0.995329 -0.084874 10.181600 -0.032749 0.086421 0.995720 0.131500 0.000000 0.000000 0.000000 1.000000
0.998377 -0.043037 0.037308 -0.000000 0.046072 0.995338 -0.084737 10.181600 -0.033487 0.086318 0.995705 0.131500 0.000000 0.000000 0.000000 1.000000
0.998336 -0.043147 0.038268 0.000000 0.046247 0.995372 -0.084239 10.181600 -0.034456 0.085868 0.995711 0.131500 0.000000 0.000000 0.000000 1.000000
0.998288 -0.043311 0.039318 -0.000000 0.046472 0.995431 -0.083410 10.181600 -0.035526 0.085094 0.995739 0.131500 0.000000 0.000000 0.000000 1.000000
0.998246 -0.043440 0.040213 0.000000 0.046638 0.995512 -0.082341 10.181600 -0.036456 0.084072 0.995793 0.131500 0.000000 0.000000 0.000000 1.000000
0.998215 -0.043611 0.040793 0.000000 0.046813 0.995601 -0.081165 10.181600 -0.037073 0.082930 0.995866 0.131500 0.000000 0.000000 0.000000 1.000000
0.998188 -0.043931 0.041123 -0.000000 0.047115 0.995684 -0.079955 10.181600 -0.037433 0.081747 0.995950 0.131500 0.000000 0.000000 0.000000 1.000000
0.998157 -0.044435 0.041318 -0.000000 0.047586 0.995763 -0.078691 10.181600 -0.037646 0.080512 0.996042 0.131500 0.000000 0.000000 0.000000 1.000000
0.998130 -0.045094 0.041275 0.000000 0.048190 0.995838 -0.077355 10.181600 -0.037615 0.079200 0.996149 0.131500 0.000000 0.000000 0.000000 1.000000
0.998116 -0.045863 0.040751 0.000000 0.048862 0.995915 -0.075936 10.181600 -0.037101 0.077784 0.996280 0.131500 0.000000 0.000000 0.000000 1.000000
0.998122 -0.046692 0.039665 -0.000000 0.049548 0.995998 -0.074385 10.181600 -0.036033 0.076211 0.996440 0.131500 0.000000 0.000000 0.000000 1.000000
0.998142 -0.047513 0.038147 0.000000 0.050191 0.996095 -0.072634 10.181600 -0.034547 0.074413 0.996629 0.131500 0.000000 0.000000 0.000000 1.000000
0.998171 -0.048293 0.036353 0.000000 0.050772 0.996208 -0.070651 10.181600 -0.032803 0.072367 0.996838 0.131500 0.000000 0.000000 0.000000 1.000000
0.998205 -0.049051 0.034361 0.000000 0.051316 0.996332 -0.068484 10.181600 -0.030876 0.070124 0.997060 0.131500 0.000000 0.000000 0.000000 1.000000
0.998241 -0.049790 0.032185 0.000000 0.051836 0.996456 -0.066245 10.181600 -0.028772 0.067797 0.997284 0.131500 0.000000 0.000000 0.000000 1.000000
0.998280 -0.050491 0.029797 0.000000 0.052317 0.996573 -0.064065 10.181600 -0.026460 0.065514 0.997501 0.131500 0.000000 0.000000 0.000000 1.000000
0.998320 -0.051183 0.027166 0.000000 0.052788 0.996676 -0.062058 10.181600 -0.023899 0.063388 0.997703 0.131500 0.000000 0.000000 0.000000 1.000000
0.998351 -0.052024 0.024270 -0.000000 0.053406 0.996753 -0.060256 10.181600 -0.021056 0.061453 0.997888 0.131500 0.000000 0.000000 0.000000 1.000000
0.998366 -0.053112 0.021097 0.000000 0.054267 0.996807 -0.058580 10.181600 -0.017919 0.059629 0.998060 0.131500 0.000000 0.000000 0.000000 1.000000
0.998361 -0.054422 0.017716 0.000000 0.055350 0.996842 -0.056938 10.181600 -0.014562 0.057825 0.998221 0.131500 0.000000 0.000000 0.000000 1.000000
0.998337 -0.055840 0.014342 0.000000 0.056552 0.996866 -0.055324 10.181600 -0.011207 0.056043 0.998365 0.131500 0.000000 0.000000 0.000000 1.000000
0.998298 -0.057258 0.011085 0.000000 0.057774 0.996883 -0.053730 10.181600 -0.007973 0.054279 0.998494 0.131500 0.000000 0.000000 0.000000 1.000000
0.998246 -0.058720 0.007605 -0.000000 0.059037 0.996895 -0.052104 10.181600 -0.004522 0.052462 0.998613 0.131500 0.000000 0.000000 0.000000 1.000000
0.998167 -0.060420 0.003400 0.000000 0.060515 0.996887 -0.050538 10.181600 -0.000336 0.050651 0.998716 0.131500 0.000000 0.000000 0.000000 1.000000
0.998056 -0.062307 -0.001302 0.000000 0.062167 0.996848 -0.049296 10.181600 0.004370 0.049119 0.998783 0.131500 0.000000 0.000000 0.000000 1.000000
0.997945 -0.063880 -0.005097 0.000000 0.063559 0.996798 -0.048518 10.181600 0.008180 0.048094 0.998809 0.131500 0.000000 0.000000 0.000000 1.000000
0.997885 -0.064681 -0.006504 -0.000000 0.064295 0.996772 -0.048071 10.181600 0.009592 0.047551 0.998823 0.131500 0.000000 0.000000 0.000000 1.000000
0.997889 -0.064702 -0.005666 0.000000 0.064359 0.996783 -0.047764 10.181600 0.008738 0.047299 0.998843 0.131500 0.000000 0.000000 0.000000 1.000000
0.997907 -0.064518 -0.004295 0.000000 0.064242 0.996802 -0.047535 10.181600 0.007348 0.047160 0.998860 0.131500 0.000000 0.000000 0.000000 1.000000
0.997903 -0.064615 -0.003874 0.000000 0.064360 0.996800 -0.047399 10.181600 0.006925 0.047050 0.998869 0.131500 0.000000 0.000000 0.000000 1.000000
0.997878 -0.064947 -0.004529 0.000000 0.064661 0.996784 -0.047344 10.181600 0.007590 0.046950 0.998868 0.131500 0.000000 0.000000 0.000000 1.000000
0.997855 -0.065234 -0.005485 -0.000000 0.064903 0.996771 -0.047277 10.181600 0.008552 0.046820 0.998867 0.131500 0.000000 0.000000 0.000000 1.000000
0.997846 -0.065320 -0.006037 -0.000000 0.064965 0.996773 -0.047151 10.181600 0.009097 0.046657 0.998870 0.131500 0.000000 0.000000 0.000000 1.000000
0.997850 -0.065273 -0.005978 -0.000000 0.064922 0.996781 -0.047044 10.181600 0.009030 0.046555 0.998875 0.131500 0.000000 0.000000 0.000000 1.000000
0.997853 -0.065268 -0.005465 -0.000000 0.064941 0.996783 -0.046978 10.181600 0.008514 0.046523 0.998881 0.131500 0.000000 0.000000 0.000000 1.000000
0.997849 -0.065388 -0.004763 0.000000 0.065094 0.996778 -0.046855 10.181600 0.007812 0.046445 0.998890 0.131500 0.000000 0.000000 0.000000 1.000000
0.997840 -0.065562 -0.004094 0.000000 0.065300 0.996775 -0.046641 10.181600 0.007138 0.046273 0.998903 0.131500 0.000000 0.000000 0.000000 1.000000
0.997829 -0.065759 -0.003540 0.000000 0.065525 0.996770 -0.046437 10.181600 0.006582 0.046104 0.998915 0.131500 0.000000 0.000000 0.000000 1.000000
0.997815 -0.065995 -0.003062 0.000000 0.065783 0.996755 -0.046398 10.181600 0.006114 0.046095 0.998918 0.131500 0.000000 0.000000 0.000000 1.000000
0.997799 -0.066258 -0.002606 -0.000000 0.066065 0.996725 -0.046636 10.181600 0.005688 0.046361 0.998909 0.131500 0.000000 0.000000 0.000000 1.000000
0.997782 -0.066532 -0.002198 0.000000 0.066355 0.996679 -0.047198 10.181600 0.005331 0.046947 0.998883 0.131500 0.000000 0.000000 0.000000 1.000000
0.997763 -0.066819 -0.001985 0.000000 0.066646 0.996614 -0.048152 10.181600 0.005196 0.047912 0.998838 0.131500 0.000000 0.000000 0.000000 1.000000
0.997748 -0.067033 -0.002169 0.000000 0.066844 0.996530 -0.049594 10.181600 0.005486 0.049337 0.998767 0.131500 0.000000 0.000000 0.000000 1.000000
0.997750 -0.066992 -0.002738 -0.000000 0.066763 0.996441 -0.051452 10.181600 0.006175 0.051154 0.998672 0.131500 0.000000 0.000000 0.000000 1.000000
0.997778 -0.066551 -0.003171 0.000000 0.066288 0.996377 -0.053285 10.181600 0.006706 0.052956 0.998574 0.131500 0.000000 0.000000 0.000000 1.000000
0.997823 -0.065904 -0.002605 0.000000 0.065665 0.996356 -0.054436 10.181600 0.006183 0.054146 0.998514 0.131500 0.000000 0.000000 0.000000 1.000000
0.997864 -0.065322 -0.000434 0.000000 0.065201 0.996379 -0.054563 10.181600 0.003996 0.054418 0.998510 0.131500 0.000000 0.000000 0.000000 1.000000
0.997894 -0.064780 0.003199 0.000000 0.064858 0.996435 -0.053955 10.181600 0.000308 0.054049 0.998538 0.131500 0.000000 0.000000 0.000000 1.000000
0.997918 -0.064055 0.007487 0.000000 0.064364 0.996503 -0.053274 10.181600 -0.004049 0.053645 0.998552 0.131500 0.000000 0.000000 0.000000 1.000000
0.997943 -0.063082 0.011460 -0.000000 0.063604 0.996564 -0.053053 10.181600 -0.008074 0.053673 0.998526 0.131500 0.000000 0.000000 0.000000 1.000000
